0	0
1	0.0
2	0.0
3	0.0
4	0.0
5	0.2
6	0.333333333333
7	0.285714285714
8	0.25
9	0.222222222222
10	0.3
11	0.272727272727
12	0.25
13	0.230769230769
14	0.214285714286
15	0.2
16	0.1875
17	0.235294117647
18	0.222222222222
19	0.210526315789
20	0.2
21	0.238095238095
22	0.227272727273
23	0.260869565217
24	0.25
25	0.24
26	0.269230769231
27	0.259259259259
28	0.25
29	0.241379310345
30	0.233333333333
31	0.225806451613
32	0.21875
33	0.212121212121
34	0.205882352941
35	0.2
36	0.194444444444
37	0.189189189189
38	0.184210526316
39	0.179487179487
40	0.2
41	0.19512195122
42	0.190476190476
43	0.186046511628
44	0.204545454545
45	0.2
46	0.195652173913
47	0.191489361702
48	0.208333333333
49	0.204081632653
50	0.2
51	0.196078431373
52	0.192307692308
53	0.188679245283
54	0.203703703704
55	0.2
56	0.196428571429
57	0.19298245614
58	0.189655172414
59	0.186440677966
60	0.183333333333
61	0.180327868852
62	0.177419354839
63	0.190476190476
64	0.1875
65	0.2
66	0.19696969697
67	0.194029850746
68	0.191176470588
69	0.202898550725
70	0.2
71	0.197183098592
72	0.208333333333
73	0.205479452055
74	0.202702702703
75	0.2
76	0.197368421053
77	0.194805194805
78	0.192307692308
79	0.189873417722
80	0.1875
81	0.185185185185
82	0.19512195122
83	0.192771084337
84	0.190476190476
85	0.188235294118
86	0.186046511628
87	0.183908045977
88	0.181818181818
89	0.179775280899
90	0.177777777778
91	0.175824175824
92	0.173913043478
93	0.172043010753
94	0.18085106383
95	0.189473684211
96	0.1875
97	0.185567010309
98	0.183673469388
99	0.181818181818
100	0.18
110	0.190909090909
120	0.191666666667
130	0.184615384615
140	0.178571428571
150	0.193333333333
160	0.2
170	0.205882352941
180	0.222222222222
190	0.215789473684
200	0.215
210	0.22380952381
220	0.236363636364
230	0.24347826087
240	0.25
250	0.264
260	0.261538461538
270	0.259259259259
280	0.257142857143
290	0.265517241379
300	0.273333333333
310	0.264516129032
320	0.26875
330	0.269696969697
340	0.276470588235
350	0.274285714286
360	0.269444444444
370	0.267567567568
380	0.271052631579
390	0.269230769231
400	0.2825
410	0.287804878049
420	0.290476190476
430	0.288372093023
440	0.288636363636
450	0.297777777778
460	0.295652173913
470	0.293617021277
480	0.2875
490	0.281632653061
500	0.284
510	0.28431372549
520	0.288461538462
530	0.28679245283
540	0.294444444444
550	0.292727272727
560	0.294642857143
570	0.298245614035
580	0.301724137931
590	0.3
600	0.301666666667
610	0.303278688525
620	0.301612903226
630	0.3
640	0.3
650	0.304615384615
660	0.30303030303
670	0.305970149254
680	0.305882352941
690	0.304347826087
700	0.3
710	0.3
720	0.298611111111
730	0.302739726027
740	0.302702702703
750	0.302666666667
760	0.3
770	0.297402597403
780	0.297435897436
790	0.296202531646
800	0.2975
810	0.297530864198
820	0.3
830	0.304819277108
840	0.308333333333
850	0.308235294118
860	0.308139534884
870	0.308045977011
880	0.304545454545
890	0.302247191011
900	0.3
910	0.301098901099
920	0.301086956522
930	0.3
940	0.298936170213
950	0.302105263158
960	0.303125
970	0.301030927835
980	0.302040816327
990	0.3
1000	0.301
1100	0.299090909091
1200	0.296666666667
1300	0.3
1400	0.3
1500	0.295333333333
1600	0.296875
1700	0.299411764706
1800	0.299444444444
1900	0.293684210526
2000	0.2905
2100	0.294285714286
2200	0.291363636364
2300	0.29
2400	0.288333333333
2500	0.288
2600	0.286538461538
2700	0.286666666667
2800	0.285
2900	0.285517241379
3000	0.285
3100	0.285161290323
3200	0.2884375
3300	0.286666666667
3400	0.287058823529
3500	0.286285714286
3600	0.2875
3700	0.288108108108
3800	0.288157894737
3900	0.289487179487
4000	0.2875
4100	0.289268292683
4200	0.290238095238
4300	0.291162790698
4400	0.29
4500	0.293555555556
4600	0.294347826087
4700	0.294893617021
4800	0.294375
4900	0.295918367347
5000	0.2954
5100	0.296274509804
5200	0.296153846154
5300	0.295094339623
5400	0.294444444444
5500	0.295272727273
5600	0.29625
5700	0.296666666667
5800	0.296206896552
5900	0.295423728814
6000	0.296166666667
6100	0.294754098361
6200	0.294032258065
6300	0.294126984127
6400	0.294375
6500	0.293384615385
6600	0.293636363636
6700	0.294029850746
6800	0.294264705882
6900	0.293768115942
7000	0.293714285714
7100	0.295070422535
7200	0.294583333333
7300	0.293698630137
7400	0.294324324324
7500	0.294266666667
7600	0.292631578947
7700	0.293246753247
7800	0.292820512821
7900	0.293544303797
8000	0.29225
8100	0.292222222222
8200	0.291951219512
8300	0.292771084337
8400	0.293214285714
8500	0.292352941176
8600	0.292441860465
8700	0.292183908046
8800	0.291818181818
8900	0.292471910112
9000	0.291777777778
9100	0.292087912088
9200	0.291847826087
9300	0.291935483871
9400	0.290957446809
9500	0.291368421053
9600	0.290208333333
9700	0.290515463918
9800	0.290102040816
9900	0.289595959596
10000	0.2894
11000	0.287818181818
12000	0.289
13000	0.289461538462
14000	0.288357142857
15000	0.286333333333
16000	0.2853125
17000	0.284764705882
18000	0.282944444444
19000	0.282421052632
20000	0.28135
21000	0.281619047619
22000	0.281454545455
23000	0.280739130435
24000	0.279458333333
25000	0.27956
26000	0.279653846154
27000	0.279962962963
28000	0.279678571429
29000	0.279586206897
30000	0.2804
31000	0.28064516129
32000	0.280375
33000	0.280515151515
34000	0.281117647059
35000	0.281114285714
36000	0.280666666667
37000	0.28072972973
38000	0.280236842105
39000	0.28
40000	0.279875
41000	0.279585365854
42000	0.279095238095
43000	0.278930232558
44000	0.278613636364
45000	0.278333333333
46000	0.278630434783
47000	0.278085106383
48000	0.2779375
49000	0.277244897959
50000	0.27698
51000	0.276725490196
52000	0.276461538462
53000	0.276188679245
54000	0.275833333333
55000	0.275454545455
56000	0.2755
57000	0.275210526316
58000	0.274862068966
59000	0.274745762712
60000	0.27465
61000	0.274475409836
62000	0.274370967742
63000	0.274825396825
64000	0.275
65000	0.274861538462
66000	0.275015151515
67000	0.274910447761
68000	0.274455882353
69000	0.274391304348
70000	0.274642857143
71000	0.274422535211
72000	0.274513888889
73000	0.274493150685
74000	0.274432432432
75000	0.274346666667
76000	0.274276315789
77000	0.274285714286
78000	0.27408974359
79000	0.273797468354
80000	0.2738
81000	0.273765432099
82000	0.273731707317
83000	0.274072289157
84000	0.274047619048
85000	0.274352941176
86000	0.274069767442
87000	0.274183908046
88000	0.274204545455
89000	0.274292134831
90000	0.274144444444
91000	0.274274725275
92000	0.274163043478
93000	0.274021505376
94000	0.273808510638
95000	0.273989473684
96000	0.273854166667
97000	0.273948453608
98000	0.273836734694
99000	0.273666666667
100000	0.27361
110000	0.272327272727
120000	0.271941666667
130000	0.271646153846
140000	0.27155
150000	0.270046666667
160000	0.27014375
170000	0.269964705882
180000	0.269738888889
190000	0.269589473684
200000	0.26937
210000	0.268852380952
220000	0.2682
230000	0.268065217391
240000	0.267866666667
250000	0.267588
260000	0.267342307692
270000	0.267196296296
280000	0.266885714286
290000	0.266637931034
300000	0.266496666667
310000	0.266470967742
320000	0.266296875
330000	0.265990909091
340000	0.265758823529
350000	0.265594285714
360000	0.265363888889
370000	0.26517027027
380000	0.264921052632
390000	0.264648717949
400000	0.264435
410000	0.264092682927
420000	0.263723809524
430000	0.2637
440000	0.263475
450000	0.263111111111
460000	0.262886956522
470000	0.2628
480000	0.2626125
490000	0.262379591837
500000	0.262392
510000	0.262088235294
520000	0.262036538462
530000	0.261781132075
540000	0.261696296296
550000	0.2615
560000	0.261323214286
570000	0.261210526316
580000	0.261036206897
590000	0.260927118644
600000	0.26081
610000	0.260691803279
620000	0.260564516129
630000	0.260526984127
640000	0.26039375
650000	0.260192307692
660000	0.260054545455
670000	0.259905970149
680000	0.259735294118
690000	0.259557971014
700000	0.259471428571
710000	0.259383098592
720000	0.259266666667
730000	0.259173972603
740000	0.258968918919
750000	0.258777333333
760000	0.258568421053
770000	0.258455844156
780000	0.258352564103
790000	0.258256962025
800000	0.25805625
810000	0.257965432099
820000	0.257873170732
830000	0.257678313253
840000	0.257542857143
850000	0.257549411765
860000	0.257422093023
870000	0.257324137931
880000	0.257196590909
890000	0.257029213483
900000	0.256954444444
910000	0.256827472527
920000	0.256660869565
930000	0.256558064516
940000	0.256405319149
950000	0.256307368421
960000	0.256160416667
970000	0.256144329897
980000	0.256030612245
990000	0.255847474747
1000000	0.2557
