0	0
1	0.0
2	0.5
3	0.666666666667
4	0.5
5	0.4
6	0.5
7	0.571428571429
8	0.5
9	0.444444444444
10	0.5
11	0.545454545455
12	0.583333333333
13	0.538461538462
14	0.571428571429
15	0.533333333333
16	0.5625
17	0.588235294118
18	0.611111111111
19	0.631578947368
20	0.6
21	0.619047619048
22	0.590909090909
23	0.565217391304
24	0.583333333333
25	0.6
26	0.615384615385
27	0.62962962963
28	0.607142857143
29	0.586206896552
30	0.566666666667
31	0.548387096774
32	0.53125
33	0.545454545455
34	0.529411764706
35	0.542857142857
36	0.555555555556
37	0.540540540541
38	0.552631578947
39	0.538461538462
40	0.55
41	0.560975609756
42	0.547619047619
43	0.558139534884
44	0.545454545455
45	0.533333333333
46	0.54347826087
47	0.553191489362
48	0.541666666667
49	0.530612244898
50	0.52
51	0.509803921569
52	0.519230769231
53	0.509433962264
54	0.518518518519
55	0.509090909091
56	0.5
57	0.491228070175
58	0.5
59	0.508474576271
60	0.516666666667
61	0.508196721311
62	0.5
63	0.492063492063
64	0.484375
65	0.476923076923
66	0.469696969697
67	0.462686567164
68	0.470588235294
69	0.478260869565
70	0.485714285714
71	0.478873239437
72	0.486111111111
73	0.479452054795
74	0.472972972973
75	0.48
76	0.486842105263
77	0.493506493506
78	0.5
79	0.493670886076
80	0.4875
81	0.493827160494
82	0.5
83	0.493975903614
84	0.5
85	0.505882352941
86	0.5
87	0.494252873563
88	0.488636363636
89	0.494382022472
90	0.5
91	0.505494505495
92	0.510869565217
93	0.505376344086
94	0.510638297872
95	0.505263157895
96	0.510416666667
97	0.515463917526
98	0.520408163265
99	0.515151515152
100	0.51
110	0.509090909091
120	0.516666666667
130	0.515384615385
140	0.521428571429
150	0.513333333333
160	0.51875
170	0.517647058824
180	0.511111111111
190	0.510526315789
200	0.515
210	0.509523809524
220	0.5
230	0.508695652174
240	0.5
250	0.492
260	0.492307692308
270	0.492592592593
280	0.496428571429
290	0.489655172414
300	0.49
310	0.496774193548
320	0.496875
330	0.490909090909
340	0.494117647059
350	0.485714285714
360	0.480555555556
370	0.481081081081
380	0.478947368421
390	0.487179487179
400	0.4825
410	0.480487804878
420	0.483333333333
430	0.486046511628
440	0.481818181818
450	0.475555555556
460	0.476086956522
470	0.476595744681
480	0.477083333333
490	0.473469387755
500	0.47
510	0.46862745098
520	0.465384615385
530	0.462264150943
540	0.462962962963
550	0.461818181818
560	0.466071428571
570	0.466666666667
580	0.465517241379
590	0.464406779661
600	0.456666666667
610	0.452459016393
620	0.453225806452
630	0.453968253968
640	0.4515625
650	0.450769230769
660	0.45303030303
670	0.450746268657
680	0.451470588235
690	0.450724637681
700	0.452857142857
710	0.452112676056
720	0.454166666667
730	0.453424657534
740	0.452702702703
750	0.449333333333
760	0.45
770	0.454545454545
780	0.458974358974
790	0.463291139241
800	0.46375
810	0.462962962963
820	0.460975609756
830	0.460240963855
840	0.463095238095
850	0.461176470588
860	0.461627906977
870	0.459770114943
880	0.456818181818
890	0.458426966292
900	0.457777777778
910	0.459340659341
920	0.458695652174
930	0.456989247312
940	0.454255319149
950	0.456842105263
960	0.45625
970	0.459793814433
980	0.462244897959
990	0.462626262626
1000	0.464
1100	0.465454545455
1200	0.47
1300	0.47
1400	0.465714285714
1500	0.461333333333
1600	0.461875
1700	0.458823529412
1800	0.456666666667
1900	0.457368421053
2000	0.461
2100	0.458571428571
2200	0.459090909091
2300	0.462608695652
2400	0.467083333333
2500	0.4736
2600	0.475
2700	0.471851851852
2800	0.47
2900	0.47
3000	0.472333333333
3100	0.471935483871
3200	0.4734375
3300	0.477575757576
3400	0.480882352941
3500	0.485142857143
3600	0.489166666667
3700	0.488378378378
3800	0.487894736842
3900	0.487692307692
4000	0.4885
4100	0.489512195122
4200	0.490952380952
4300	0.492790697674
4400	0.493636363636
4500	0.495333333333
4600	0.496304347826
4700	0.496595744681
4800	0.496666666667
4900	0.495102040816
5000	0.4974
5100	0.500196078431
5200	0.500384615385
5300	0.501132075472
5400	0.500555555556
5500	0.501090909091
5600	0.5025
5700	0.502807017544
5800	0.503620689655
5900	0.505423728814
6000	0.506166666667
6100	0.507540983607
6200	0.508548387097
6300	0.510317460317
6400	0.51140625
6500	0.512307692308
6600	0.513787878788
6700	0.515970149254
6800	0.516911764706
6900	0.51768115942
7000	0.517714285714
7100	0.518591549296
7200	0.518472222222
7300	0.518219178082
7400	0.518513513514
7500	0.518533333333
7600	0.519078947368
7700	0.519220779221
7800	0.519615384615
7900	0.519873417722
8000	0.521
8100	0.52037037037
8200	0.521097560976
8300	0.522048192771
8400	0.521904761905
8500	0.521058823529
8600	0.521162790698
8700	0.52183908046
8800	0.522954545455
8900	0.523820224719
9000	0.524888888889
9100	0.525604395604
9200	0.526304347826
9300	0.526774193548
9400	0.527446808511
9500	0.528631578947
9600	0.528020833333
9700	0.52824742268
9800	0.528979591837
9900	0.528888888889
10000	0.5305
11000	0.532454545455
12000	0.53525
13000	0.539307692308
14000	0.542428571429
15000	0.545933333333
16000	0.545875
17000	0.546352941176
18000	0.546833333333
19000	0.547736842105
20000	0.54885
21000	0.549380952381
22000	0.550681818182
23000	0.552173913043
24000	0.552958333333
25000	0.55424
26000	0.5555
27000	0.556185185185
28000	0.5575
29000	0.558
30000	0.5595
31000	0.561419354839
32000	0.56203125
33000	0.563575757576
34000	0.564588235294
35000	0.564942857143
36000	0.565638888889
37000	0.566432432432
38000	0.566026315789
39000	0.566307692308
40000	0.5669
41000	0.567585365854
42000	0.568642857143
43000	0.569186046512
44000	0.570181818182
45000	0.5704
46000	0.570891304348
47000	0.571127659574
48000	0.5719375
49000	0.572510204082
50000	0.57316
51000	0.573156862745
52000	0.574211538462
53000	0.574754716981
54000	0.574648148148
55000	0.574236363636
56000	0.574678571429
57000	0.575280701754
58000	0.575517241379
59000	0.576118644068
60000	0.576683333333
61000	0.577278688525
62000	0.5775
63000	0.57773015873
64000	0.5785625
65000	0.578584615385
66000	0.579227272727
67000	0.579492537313
68000	0.579867647059
69000	0.580594202899
70000	0.5807
71000	0.581112676056
72000	0.581513888889
73000	0.58201369863
74000	0.582162162162
75000	0.582613333333
76000	0.582565789474
77000	0.583142857143
78000	0.583448717949
79000	0.584126582278
80000	0.58475
81000	0.585148148148
82000	0.5855
83000	0.585939759036
84000	0.586238095238
85000	0.586729411765
86000	0.587081395349
87000	0.587735632184
88000	0.588090909091
89000	0.588471910112
90000	0.588611111111
91000	0.589241758242
92000	0.589576086957
93000	0.589913978495
94000	0.590414893617
95000	0.5906
96000	0.590635416667
97000	0.590917525773
98000	0.591081632653
99000	0.591343434343
100000	0.59123
110000	0.594781818182
120000	0.597008333333
130000	0.599423076923
140000	0.601778571429
150000	0.604233333333
160000	0.6063625
170000	0.608117647059
180000	0.609927777778
190000	0.612189473684
200000	0.614335
210000	0.616438095238
220000	0.618390909091
230000	0.62017826087
240000	0.621725
250000	0.623364
260000	0.624657692308
270000	0.625966666667
280000	0.627260714286
290000	0.628634482759
300000	0.629966666667
310000	0.631048387097
320000	0.632034375
330000	0.633193939394
340000	0.634205882353
350000	0.635225714286
360000	0.636152777778
370000	0.637097297297
380000	0.638023684211
390000	0.638946153846
400000	0.6398275
410000	0.640519512195
420000	0.641357142857
430000	0.642069767442
440000	0.642793181818
450000	0.643655555556
460000	0.644289130435
470000	0.644940425532
480000	0.645652083333
490000	0.646159183673
500000	0.646746
510000	0.647341176471
520000	0.648003846154
530000	0.648737735849
540000	0.649307407407
550000	0.64974
560000	0.650226785714
570000	0.650731578947
580000	0.651334482759
590000	0.651816949153
600000	0.652253333333
610000	0.652808196721
620000	0.653303225806
630000	0.653811111111
640000	0.654290625
650000	0.654821538462
660000	0.655451515152
670000	0.655962686567
680000	0.656373529412
690000	0.656742028986
700000	0.657104285714
710000	0.657466197183
720000	0.657806944444
730000	0.658156164384
740000	0.658537837838
750000	0.658965333333
760000	0.659364473684
770000	0.659675324675
780000	0.660028205128
790000	0.660339240506
800000	0.66070625
810000	0.661041975309
820000	0.661415853659
830000	0.661808433735
840000	0.662138095238
850000	0.662490588235
860000	0.662926744186
870000	0.663314942529
880000	0.663718181818
890000	0.663975280899
900000	0.664255555556
910000	0.664620879121
920000	0.664898913043
930000	0.665222580645
940000	0.665475531915
950000	0.665750526316
960000	0.666055208333
970000	0.66628556701
980000	0.666578571429
990000	0.666862626263
1000000	0.66718
