0	0
1	0.0
2	0.5
3	0.666666666667
4	0.5
5	0.4
6	0.333333333333
7	0.285714285714
8	0.25
9	0.333333333333
10	0.4
11	0.363636363636
12	0.416666666667
13	0.384615384615
14	0.357142857143
15	0.4
16	0.4375
17	0.470588235294
18	0.444444444444
19	0.473684210526
20	0.45
21	0.47619047619
22	0.5
23	0.521739130435
24	0.541666666667
25	0.56
26	0.576923076923
27	0.592592592593
28	0.571428571429
29	0.551724137931
30	0.566666666667
31	0.58064516129
32	0.59375
33	0.606060606061
34	0.617647058824
35	0.6
36	0.611111111111
37	0.594594594595
38	0.605263157895
39	0.589743589744
40	0.575
41	0.585365853659
42	0.571428571429
43	0.581395348837
44	0.590909090909
45	0.6
46	0.608695652174
47	0.617021276596
48	0.604166666667
49	0.591836734694
50	0.6
51	0.607843137255
52	0.596153846154
53	0.603773584906
54	0.592592592593
55	0.581818181818
56	0.571428571429
57	0.578947368421
58	0.568965517241
59	0.559322033898
60	0.55
61	0.540983606557
62	0.532258064516
63	0.52380952381
64	0.53125
65	0.538461538462
66	0.545454545455
67	0.55223880597
68	0.558823529412
69	0.565217391304
70	0.557142857143
71	0.549295774648
72	0.541666666667
73	0.534246575342
74	0.527027027027
75	0.52
76	0.513157894737
77	0.519480519481
78	0.512820512821
79	0.518987341772
80	0.5125
81	0.506172839506
82	0.5
83	0.506024096386
84	0.5
85	0.494117647059
86	0.488372093023
87	0.494252873563
88	0.488636363636
89	0.494382022472
90	0.488888888889
91	0.494505494505
92	0.489130434783
93	0.483870967742
94	0.489361702128
95	0.484210526316
96	0.489583333333
97	0.484536082474
98	0.479591836735
99	0.484848484848
100	0.48
110	0.481818181818
120	0.475
130	0.476923076923
140	0.471428571429
150	0.46
160	0.46875
170	0.470588235294
180	0.477777777778
190	0.484210526316
200	0.48
210	0.485714285714
220	0.477272727273
230	0.469565217391
240	0.470833333333
250	0.472
260	0.476923076923
270	0.477777777778
280	0.485714285714
290	0.48275862069
300	0.483333333333
310	0.48064516129
320	0.490625
330	0.490909090909
340	0.494117647059
350	0.491428571429
360	0.491666666667
370	0.497297297297
380	0.494736842105
390	0.497435897436
400	0.5
410	0.50243902439
420	0.502380952381
430	0.495348837209
440	0.495454545455
450	0.493333333333
460	0.495652173913
470	0.491489361702
480	0.4875
490	0.49387755102
500	0.496
510	0.494117647059
520	0.494230769231
530	0.5
540	0.505555555556
550	0.507272727273
560	0.505357142857
570	0.50350877193
580	0.503448275862
590	0.503389830508
600	0.5
610	0.496721311475
620	0.498387096774
630	0.498412698413
640	0.496875
650	0.501538461538
660	0.498484848485
670	0.502985074627
680	0.501470588235
690	0.504347826087
700	0.504285714286
710	0.5
720	0.498611111111
730	0.494520547945
740	0.498648648649
750	0.5
760	0.5
770	0.501298701299
780	0.497435897436
790	0.498734177215
800	0.4975
810	0.497530864198
820	0.498780487805
830	0.5
840	0.5
850	0.497647058824
860	0.496511627907
870	0.493103448276
880	0.490909090909
890	0.489887640449
900	0.488888888889
910	0.489010989011
920	0.490217391304
930	0.489247311828
940	0.492553191489
950	0.494736842105
960	0.491666666667
970	0.488659793814
980	0.491836734694
990	0.491919191919
1000	0.495
1100	0.489090909091
1200	0.4925
1300	0.487692307692
1400	0.482142857143
1500	0.474666666667
1600	0.475
1700	0.478235294118
1800	0.478888888889
1900	0.48
2000	0.482
2100	0.483333333333
2200	0.484090909091
2300	0.48
2400	0.479166666667
2500	0.4808
2600	0.479230769231
2700	0.481481481481
2800	0.481785714286
2900	0.483793103448
3000	0.485
3100	0.487741935484
3200	0.4884375
3300	0.487575757576
3400	0.489117647059
3500	0.491142857143
3600	0.49
3700	0.491081081081
3800	0.491842105263
3900	0.492564102564
4000	0.4945
4100	0.49756097561
4200	0.497380952381
4300	0.498372093023
4400	0.501136363636
4500	0.504222222222
4600	0.506956521739
4700	0.508510638298
4800	0.512083333333
4900	0.514489795918
5000	0.5154
5100	0.517058823529
5200	0.518461538462
5300	0.518867924528
5400	0.52037037037
5500	0.519454545455
5600	0.521071428571
5700	0.521228070175
5800	0.522931034483
5900	0.524406779661
6000	0.526
6100	0.527049180328
6200	0.528709677419
6300	0.529841269841
6400	0.530625
6500	0.531846153846
6600	0.531363636364
6700	0.531791044776
6800	0.532352941176
6900	0.532463768116
7000	0.532857142857
7100	0.533802816901
7200	0.535138888889
7300	0.535205479452
7400	0.537027027027
7500	0.538133333333
7600	0.538684210526
7700	0.53961038961
7800	0.539487179487
7900	0.540759493671
8000	0.541875
8100	0.541481481481
8200	0.541951219512
8300	0.542409638554
8400	0.541666666667
8500	0.542117647059
8600	0.542674418605
8700	0.54275862069
8800	0.542727272727
8900	0.543146067416
9000	0.544111111111
9100	0.545384615385
9200	0.546086956522
9300	0.546559139785
9400	0.547021276596
9500	0.547368421053
9600	0.548229166667
9700	0.54793814433
9800	0.547551020408
9900	0.546060606061
10000	0.5459
11000	0.543181818182
12000	0.542083333333
13000	0.537923076923
14000	0.538
15000	0.536466666667
16000	0.5358125
17000	0.535529411765
18000	0.534444444444
19000	0.533315789474
20000	0.53355
21000	0.53180952381
22000	0.531772727273
23000	0.531260869565
24000	0.531458333333
25000	0.53064
26000	0.529615384615
27000	0.529222222222
28000	0.528285714286
29000	0.527310344828
30000	0.527533333333
31000	0.527064516129
32000	0.52640625
33000	0.526181818182
34000	0.526058823529
35000	0.526285714286
36000	0.525583333333
37000	0.524675675676
38000	0.524815789474
39000	0.524564102564
40000	0.523725
41000	0.522414634146
42000	0.522119047619
43000	0.521069767442
44000	0.520590909091
45000	0.520933333333
46000	0.52047826087
47000	0.520510638298
48000	0.5205
49000	0.520693877551
50000	0.52012
51000	0.519803921569
52000	0.519057692308
53000	0.518867924528
54000	0.518648148148
55000	0.518181818182
56000	0.518375
57000	0.518438596491
58000	0.518293103448
59000	0.518203389831
60000	0.518116666667
61000	0.517819672131
62000	0.517548387097
63000	0.517095238095
64000	0.516765625
65000	0.516615384615
66000	0.516287878788
67000	0.516
68000	0.516294117647
69000	0.51631884058
70000	0.5166
71000	0.51723943662
72000	0.517361111111
73000	0.517424657534
74000	0.517527027027
75000	0.517746666667
76000	0.517657894737
77000	0.518064935065
78000	0.518076923077
79000	0.51817721519
80000	0.5184875
81000	0.518864197531
82000	0.519012195122
83000	0.519072289157
84000	0.519452380952
85000	0.519776470588
86000	0.51976744186
87000	0.52016091954
88000	0.520261363636
89000	0.520370786517
90000	0.520711111111
91000	0.520978021978
92000	0.52152173913
93000	0.52176344086
94000	0.522106382979
95000	0.522242105263
96000	0.52246875
97000	0.522608247423
98000	0.522816326531
99000	0.523111111111
100000	0.52323
110000	0.524372727273
120000	0.525083333333
130000	0.526576923077
140000	0.527085714286
150000	0.527333333333
160000	0.526625
170000	0.526023529412
180000	0.52535
190000	0.524568421053
200000	0.523745
210000	0.52300952381
220000	0.522254545455
230000	0.521595652174
240000	0.52075
250000	0.520288
260000	0.519457692308
270000	0.518881481481
280000	0.518446428571
290000	0.517689655172
300000	0.5169
310000	0.516535483871
320000	0.516128125
330000	0.515648484848
340000	0.515464705882
350000	0.515262857143
360000	0.515027777778
370000	0.514854054054
380000	0.514621052632
390000	0.514371794872
400000	0.51436
410000	0.514034146341
420000	0.513869047619
430000	0.513841860465
440000	0.513820454545
450000	0.513677777778
460000	0.513454347826
470000	0.513225531915
480000	0.513402083333
490000	0.513312244898
500000	0.51309
510000	0.513029411765
520000	0.513061538462
530000	0.512966037736
540000	0.512744444444
550000	0.512669090909
560000	0.512491071429
570000	0.512405263158
580000	0.512215517241
590000	0.512055932203
600000	0.512153333333
610000	0.512083606557
620000	0.512125806452
630000	0.512146031746
640000	0.5122125
650000	0.512383076923
660000	0.512690909091
670000	0.51266119403
680000	0.512882352941
690000	0.513028985507
700000	0.513148571429
710000	0.513284507042
720000	0.513219444444
730000	0.51327260274
740000	0.513437837838
750000	0.513541333333
760000	0.513572368421
770000	0.513750649351
780000	0.513667948718
790000	0.513735443038
800000	0.5138775
810000	0.513911111111
820000	0.514043902439
830000	0.514175903614
840000	0.514258333333
850000	0.514322352941
860000	0.514346511628
870000	0.51438045977
880000	0.514398863636
890000	0.514537078652
900000	0.514694444444
910000	0.514798901099
920000	0.514922826087
930000	0.514979569892
940000	0.515106382979
950000	0.515171578947
960000	0.515291666667
970000	0.515416494845
980000	0.515526530612
990000	0.515668686869
1000000	0.515784
