0	0
1	0.0
2	0.0
3	0.0
4	0.0
5	0.0
6	0.166666666667
7	0.285714285714
8	0.375
9	0.333333333333
10	0.4
11	0.454545454545
12	0.5
13	0.538461538462
14	0.571428571429
15	0.6
16	0.5625
17	0.588235294118
18	0.611111111111
19	0.578947368421
20	0.55
21	0.571428571429
22	0.545454545455
23	0.521739130435
24	0.541666666667
25	0.52
26	0.538461538462
27	0.555555555556
28	0.535714285714
29	0.51724137931
30	0.5
31	0.516129032258
32	0.53125
33	0.545454545455
34	0.529411764706
35	0.514285714286
36	0.527777777778
37	0.540540540541
38	0.526315789474
39	0.538461538462
40	0.55
41	0.560975609756
42	0.571428571429
43	0.558139534884
44	0.568181818182
45	0.555555555556
46	0.565217391304
47	0.553191489362
48	0.541666666667
49	0.551020408163
50	0.56
51	0.56862745098
52	0.557692307692
53	0.547169811321
54	0.555555555556
55	0.545454545455
56	0.535714285714
57	0.543859649123
58	0.551724137931
59	0.542372881356
60	0.533333333333
61	0.524590163934
62	0.516129032258
63	0.52380952381
64	0.515625
65	0.507692307692
66	0.5
67	0.507462686567
68	0.5
69	0.492753623188
70	0.485714285714
71	0.492957746479
72	0.5
73	0.493150684932
74	0.5
75	0.493333333333
76	0.5
77	0.493506493506
78	0.5
79	0.493670886076
80	0.4875
81	0.481481481481
82	0.475609756098
83	0.469879518072
84	0.464285714286
85	0.458823529412
86	0.453488372093
87	0.459770114943
88	0.454545454545
89	0.449438202247
90	0.444444444444
91	0.43956043956
92	0.434782608696
93	0.430107526882
94	0.436170212766
95	0.431578947368
96	0.4375
97	0.443298969072
98	0.448979591837
99	0.444444444444
100	0.45
110	0.454545454545
120	0.458333333333
130	0.469230769231
140	0.471428571429
150	0.48
160	0.4875
170	0.488235294118
180	0.494444444444
190	0.510526315789
200	0.52
210	0.52380952381
220	0.509090909091
230	0.5
240	0.5
250	0.516
260	0.507692307692
270	0.5
280	0.489285714286
290	0.489655172414
300	0.49
310	0.493548387097
320	0.490625
330	0.484848484848
340	0.482352941176
350	0.482857142857
360	0.488888888889
370	0.497297297297
380	0.497368421053
390	0.502564102564
400	0.5025
410	0.50487804878
420	0.509523809524
430	0.506976744186
440	0.504545454545
450	0.508888888889
460	0.50652173913
470	0.510638297872
480	0.508333333333
490	0.514285714286
500	0.516
510	0.51568627451
520	0.515384615385
530	0.516981132075
540	0.52037037037
550	0.516363636364
560	0.516071428571
570	0.514035087719
580	0.508620689655
590	0.508474576271
600	0.51
610	0.516393442623
620	0.517741935484
630	0.519047619048
640	0.5203125
650	0.516923076923
660	0.519696969697
670	0.517910447761
680	0.520588235294
690	0.520289855072
700	0.517142857143
710	0.515492957746
720	0.515277777778
730	0.512328767123
740	0.514864864865
750	0.517333333333
760	0.518421052632
770	0.516883116883
780	0.516666666667
790	0.520253164557
800	0.52
810	0.516049382716
820	0.518292682927
830	0.51686746988
840	0.517857142857
850	0.517647058824
860	0.513953488372
870	0.516091954023
880	0.514772727273
890	0.512359550562
900	0.513333333333
910	0.510989010989
920	0.508695652174
930	0.510752688172
940	0.508510638298
950	0.507368421053
960	0.507291666667
970	0.50618556701
980	0.508163265306
990	0.509090909091
1000	0.511
1100	0.513636363636
1200	0.5175
1300	0.511538461538
1400	0.515714285714
1500	0.515333333333
1600	0.5125
1700	0.513529411765
1800	0.511111111111
1900	0.512105263158
2000	0.5145
2100	0.516666666667
2200	0.514090909091
2300	0.513913043478
2400	0.512916666667
2500	0.5144
2600	0.515
2700	0.514814814815
2800	0.511785714286
2900	0.508620689655
3000	0.507
3100	0.506774193548
3200	0.5053125
3300	0.505151515152
3400	0.505
3500	0.502285714286
3600	0.501111111111
3700	0.5
3800	0.498947368421
3900	0.497692307692
4000	0.4965
4100	0.49487804878
4200	0.494761904762
4300	0.493953488372
4400	0.4925
4500	0.492888888889
4600	0.492173913043
4700	0.495106382979
4800	0.494791666667
4900	0.495714285714
5000	0.4972
5100	0.497843137255
5200	0.498076923077
5300	0.49679245283
5400	0.496851851852
5500	0.496
5600	0.494642857143
5700	0.494210526316
5800	0.494137931034
5900	0.494576271186
6000	0.494166666667
6100	0.494098360656
6200	0.49435483871
6300	0.494603174603
6400	0.4953125
6500	0.495692307692
6600	0.495454545455
6700	0.494179104478
6800	0.494411764706
6900	0.494057971014
7000	0.493857142857
7100	0.495774647887
7200	0.495
7300	0.494520547945
7400	0.493918918919
7500	0.492933333333
7600	0.492368421053
7700	0.492207792208
7800	0.490384615385
7900	0.490506329114
8000	0.490875
8100	0.491111111111
8200	0.491097560976
8300	0.49156626506
8400	0.490714285714
8500	0.489411764706
8600	0.48988372093
8700	0.490689655172
8800	0.490681818182
8900	0.490674157303
9000	0.490888888889
9100	0.491208791209
9200	0.491956521739
9300	0.492365591398
9400	0.491170212766
9500	0.490842105263
9600	0.4909375
9700	0.490618556701
9800	0.490204081633
9900	0.490505050505
10000	0.491
11000	0.490090909091
12000	0.489333333333
13000	0.487538461538
14000	0.489142857143
15000	0.489333333333
16000	0.48775
17000	0.488647058824
18000	0.489611111111
19000	0.489789473684
20000	0.49015
21000	0.490666666667
22000	0.489681818182
23000	0.490043478261
24000	0.487958333333
25000	0.48548
26000	0.483461538462
27000	0.481814814815
28000	0.479857142857
29000	0.478034482759
30000	0.475733333333
31000	0.473419354839
32000	0.47040625
33000	0.468878787879
34000	0.466794117647
35000	0.465142857143
36000	0.4635
37000	0.461513513514
38000	0.459815789474
39000	0.457897435897
40000	0.45675
41000	0.455756097561
42000	0.454333333333
43000	0.452976744186
44000	0.451386363636
45000	0.449444444444
46000	0.448369565217
47000	0.447276595745
48000	0.446520833333
49000	0.445591836735
50000	0.44416
51000	0.443039215686
52000	0.44225
53000	0.441301886792
54000	0.439814814815
55000	0.439327272727
56000	0.438464285714
57000	0.437789473684
58000	0.436913793103
59000	0.436254237288
60000	0.435816666667
61000	0.434672131148
62000	0.434161290323
63000	0.43346031746
64000	0.43259375
65000	0.431830769231
66000	0.430666666667
67000	0.429626865672
68000	0.428911764706
69000	0.428492753623
70000	0.4281
71000	0.427591549296
72000	0.427055555556
73000	0.426410958904
74000	0.425689189189
75000	0.425226666667
76000	0.424684210526
77000	0.424051948052
78000	0.423179487179
79000	0.422594936709
80000	0.4221375
81000	0.421481481481
82000	0.420682926829
83000	0.420554216867
84000	0.420071428571
85000	0.419894117647
86000	0.419406976744
87000	0.419
88000	0.418795454545
89000	0.418775280899
90000	0.418344444444
91000	0.418208791209
92000	0.418076086957
93000	0.417569892473
94000	0.41714893617
95000	0.416642105263
96000	0.416322916667
97000	0.415989690722
98000	0.41562244898
99000	0.415363636364
100000	0.41522
110000	0.409972727273
120000	0.404091666667
130000	0.396746153846
140000	0.389242857143
150000	0.382193333333
160000	0.37579375
170000	0.3704
180000	0.365383333333
190000	0.360315789474
200000	0.35538
210000	0.351542857143
220000	0.347586363636
230000	0.343417391304
240000	0.339533333333
250000	0.336628
260000	0.333669230769
270000	0.330607407407
280000	0.327482142857
290000	0.324320689655
300000	0.321686666667
310000	0.319490322581
320000	0.317290625
330000	0.315054545455
340000	0.312835294118
350000	0.310774285714
360000	0.308869444444
370000	0.306978378378
380000	0.305215789474
390000	0.303338461538
400000	0.301735
410000	0.300029268293
420000	0.298480952381
430000	0.296960465116
440000	0.295325
450000	0.293764444444
460000	0.292432608696
470000	0.291063829787
480000	0.28981875
490000	0.288424489796
500000	0.286972
510000	0.2857
520000	0.284482692308
530000	0.283537735849
540000	0.282203703704
550000	0.281029090909
560000	0.279960714286
570000	0.278757894737
580000	0.27775
590000	0.276776271186
600000	0.275973333333
610000	0.27506557377
620000	0.274072580645
630000	0.273111111111
640000	0.272115625
650000	0.271112307692
660000	0.2702
670000	0.2693
680000	0.268385294118
690000	0.267523188406
700000	0.266467142857
710000	0.265504225352
720000	0.264694444444
730000	0.263816438356
740000	0.262858108108
750000	0.261990666667
760000	0.261042105263
770000	0.260105194805
780000	0.259230769231
790000	0.258363291139
800000	0.2574925
810000	0.25669382716
820000	0.255969512195
830000	0.255244578313
840000	0.254491666667
850000	0.253709411765
860000	0.252873255814
870000	0.252277011494
880000	0.251544318182
890000	0.250796629213
900000	0.250178888889
910000	0.249589010989
920000	0.248902173913
930000	0.248202150538
940000	0.247508510638
950000	0.24682
960000	0.2462375
970000	0.245605154639
980000	0.244981632653
990000	0.244378787879
1000000	0.243715
1100000	0.237741818182
1200000	0.232595833333
1300000	0.228251538462
1400000	0.224335
1500000	0.220713333333
1600000	0.21725
1700000	0.214221176471
1800000	0.211326666667
1900000	0.208892105263
2000000	0.206464
2100000	0.20434047619
2200000	0.202327272727
