0	0
1	0.0
2	0.0
3	0.333333333333
4	0.25
5	0.2
6	0.166666666667
7	0.142857142857
8	0.25
9	0.333333333333
10	0.3
11	0.272727272727
12	0.333333333333
13	0.307692307692
14	0.357142857143
15	0.333333333333
16	0.375
17	0.352941176471
18	0.333333333333
19	0.315789473684
20	0.3
21	0.333333333333
22	0.363636363636
23	0.347826086957
24	0.375
25	0.36
26	0.384615384615
27	0.407407407407
28	0.392857142857
29	0.413793103448
30	0.433333333333
31	0.41935483871
32	0.40625
33	0.393939393939
34	0.382352941176
35	0.371428571429
36	0.361111111111
37	0.378378378378
38	0.368421052632
39	0.358974358974
40	0.375
41	0.390243902439
42	0.380952380952
43	0.372093023256
44	0.363636363636
45	0.355555555556
46	0.347826086957
47	0.36170212766
48	0.354166666667
49	0.34693877551
50	0.36
51	0.372549019608
52	0.365384615385
53	0.377358490566
54	0.37037037037
55	0.381818181818
56	0.375
57	0.385964912281
58	0.396551724138
59	0.389830508475
60	0.383333333333
61	0.393442622951
62	0.387096774194
63	0.380952380952
64	0.375
65	0.384615384615
66	0.393939393939
67	0.388059701493
68	0.397058823529
69	0.405797101449
70	0.414285714286
71	0.408450704225
72	0.402777777778
73	0.41095890411
74	0.405405405405
75	0.413333333333
76	0.421052631579
77	0.428571428571
78	0.435897435897
79	0.430379746835
80	0.4375
81	0.432098765432
82	0.426829268293
83	0.421686746988
84	0.428571428571
85	0.435294117647
86	0.43023255814
87	0.436781609195
88	0.431818181818
89	0.438202247191
90	0.444444444444
91	0.43956043956
92	0.434782608696
93	0.440860215054
94	0.446808510638
95	0.452631578947
96	0.447916666667
97	0.453608247423
98	0.448979591837
99	0.454545454545
100	0.45
110	0.436363636364
120	0.441666666667
130	0.453846153846
140	0.457142857143
150	0.46
160	0.4625
170	0.470588235294
180	0.461111111111
190	0.457894736842
200	0.445
210	0.433333333333
220	0.436363636364
230	0.430434782609
240	0.425
250	0.432
260	0.426923076923
270	0.433333333333
280	0.432142857143
290	0.431034482759
300	0.433333333333
310	0.438709677419
320	0.4375
330	0.442424242424
340	0.444117647059
350	0.448571428571
360	0.452777777778
370	0.451351351351
380	0.457894736842
390	0.464102564103
400	0.4675
410	0.465853658537
420	0.466666666667
430	0.46511627907
440	0.465909090909
450	0.462222222222
460	0.454347826087
470	0.453191489362
480	0.454166666667
490	0.455102040816
500	0.462
510	0.462745098039
520	0.471153846154
530	0.471698113208
540	0.472222222222
550	0.472727272727
560	0.471428571429
570	0.473684210526
580	0.475862068966
590	0.474576271186
600	0.475
610	0.473770491803
620	0.475806451613
630	0.474603174603
640	0.4765625
650	0.481538461538
660	0.481818181818
670	0.482089552239
680	0.482352941176
690	0.482608695652
700	0.482857142857
710	0.483098591549
720	0.483333333333
730	0.478082191781
740	0.477027027027
750	0.476
760	0.475
770	0.477922077922
780	0.478205128205
790	0.479746835443
800	0.48125
810	0.48024691358
820	0.479268292683
830	0.479518072289
840	0.482142857143
850	0.482352941176
860	0.483720930233
870	0.483908045977
880	0.485227272727
890	0.483146067416
900	0.485555555556
910	0.485714285714
920	0.485869565217
930	0.486021505376
940	0.485106382979
950	0.486315789474
960	0.4875
970	0.483505154639
980	0.484693877551
990	0.486868686869
1000	0.487
1100	0.486363636364
1200	0.485
1300	0.49
1400	0.494285714286
1500	0.494666666667
1600	0.490625
1700	0.49
1800	0.497222222222
1900	0.502631578947
2000	0.509
2100	0.511904761905
2200	0.515454545455
2300	0.51652173913
2400	0.517083333333
2500	0.518
2600	0.518076923077
2700	0.519259259259
2800	0.521071428571
2900	0.524137931034
3000	0.524333333333
3100	0.527096774194
3200	0.5296875
3300	0.534545454545
3400	0.535
3500	0.538571428571
3600	0.538888888889
3700	0.54
3800	0.540789473684
3900	0.542307692308
4000	0.54275
4100	0.543902439024
4200	0.544761904762
4300	0.54488372093
4400	0.546136363636
4500	0.547777777778
4600	0.547391304348
4700	0.548085106383
4800	0.548125
4900	0.547551020408
5000	0.5492
5100	0.549019607843
5200	0.549423076923
5300	0.549811320755
5400	0.550185185185
5500	0.551272727273
5600	0.550357142857
5700	0.551929824561
5800	0.554137931034
5900	0.556271186441
6000	0.557
6100	0.557540983607
6200	0.557741935484
6300	0.558571428571
6400	0.5590625
6500	0.56
6600	0.56196969697
6700	0.562537313433
6800	0.563676470588
6900	0.564492753623
7000	0.564714285714
7100	0.564507042254
7200	0.564166666667
7300	0.564520547945
7400	0.566891891892
7500	0.567333333333
7600	0.5675
7700	0.567662337662
7800	0.567692307692
7900	0.568481012658
8000	0.568375
8100	0.568518518519
8200	0.569146341463
8300	0.569759036145
8400	0.569047619048
8500	0.569411764706
8600	0.569302325581
8700	0.569540229885
8800	0.569772727273
8900	0.570112359551
9000	0.570111111111
9100	0.571098901099
9200	0.5725
9300	0.572903225806
9400	0.572340425532
9500	0.572947368421
9600	0.5728125
9700	0.573092783505
9800	0.573673469388
9900	0.57303030303
10000	0.573
11000	0.577
12000	0.579583333333
13000	0.580769230769
14000	0.581428571429
15000	0.583066666667
16000	0.5856875
17000	0.586
18000	0.588055555556
19000	0.588842105263
20000	0.589
21000	0.589571428571
22000	0.589454545455
23000	0.58952173913
24000	0.590541666667
25000	0.591
26000	0.591576923077
27000	0.592185185185
28000	0.590107142857
29000	0.589103448276
30000	0.586933333333
31000	0.585032258065
32000	0.5839375
33000	0.582727272727
34000	0.581323529412
35000	0.579942857143
36000	0.578305555556
37000	0.576891891892
38000	0.575
39000	0.573948717949
40000	0.573575
41000	0.572170731707
42000	0.571047619048
43000	0.570395348837
44000	0.569340909091
45000	0.568422222222
46000	0.567891304348
47000	0.567510638298
48000	0.566875
49000	0.566591836735
50000	0.5658
51000	0.565294117647
52000	0.564576923077
53000	0.56420754717
54000	0.563925925926
55000	0.563436363636
56000	0.56275
57000	0.561701754386
58000	0.561413793103
59000	0.56113559322
60000	0.561216666667
61000	0.561573770492
62000	0.561
63000	0.560777777778
64000	0.560453125
65000	0.560276923077
66000	0.560015151515
67000	0.559835820896
68000	0.559588235294
69000	0.558942028986
70000	0.558528571429
71000	0.558183098592
72000	0.558
73000	0.557616438356
74000	0.557189189189
75000	0.556786666667
76000	0.556157894737
77000	0.555857142857
78000	0.555128205128
79000	0.554784810127
80000	0.5544375
81000	0.553962962963
82000	0.553512195122
83000	0.553
84000	0.552726190476
85000	0.5524
86000	0.552023255814
87000	0.551459770115
88000	0.550943181818
89000	0.550191011236
90000	0.549677777778
91000	0.549120879121
92000	0.548858695652
93000	0.54847311828
94000	0.548234042553
95000	0.547905263158
96000	0.547541666667
97000	0.547474226804
98000	0.547051020408
99000	0.546898989899
100000	0.54639
110000	0.543936363636
120000	0.540625
130000	0.538069230769
140000	0.535771428571
150000	0.534213333333
160000	0.5318
170000	0.529552941176
180000	0.527722222222
190000	0.526663157895
200000	0.52505
210000	0.524057142857
220000	0.523231818182
230000	0.522739130435
240000	0.522141666667
250000	0.521096
260000	0.520638461538
270000	0.519811111111
280000	0.519382142857
290000	0.519137931034
300000	0.5188
310000	0.518548387097
320000	0.518028125
330000	0.51773030303
340000	0.517776470588
350000	0.517454285714
360000	0.5174
370000	0.517262162162
380000	0.517213157895
390000	0.517143589744
400000	0.5171475
410000	0.517175609756
420000	0.517252380952
430000	0.517404651163
440000	0.517543181818
450000	0.517528888889
460000	0.51765
470000	0.517680851064
480000	0.517920833333
490000	0.518081632653
500000	0.518328
510000	0.518480392157
520000	0.518571153846
530000	0.518650943396
540000	0.518696296296
550000	0.518645454545
560000	0.518578571429
570000	0.518659649123
580000	0.518796551724
590000	0.518862711864
600000	0.519091666667
610000	0.519213114754
620000	0.519237096774
630000	0.51950952381
640000	0.519509375
650000	0.519655384615
660000	0.519839393939
670000	0.519919402985
680000	0.519910294118
690000	0.519933333333
700000	0.520065714286
710000	0.520170422535
720000	0.520277777778
730000	0.520173972603
740000	0.520193243243
750000	0.520208
760000	0.520338157895
770000	0.520419480519
780000	0.52043974359
790000	0.520437974684
800000	0.52059
810000	0.520691358025
820000	0.520752439024
830000	0.520818072289
840000	0.520773809524
850000	0.520758823529
860000	0.520788372093
870000	0.520762068966
880000	0.520759090909
890000	0.520730337079
900000	0.520683333333
910000	0.520734065934
920000	0.520632608696
930000	0.520659139785
940000	0.520591489362
950000	0.520590526316
960000	0.52061875
970000	0.520574226804
980000	0.520532653061
990000	0.520457575758
1000000	0.520451
