0	0
1	0.0
2	0.5
3	0.666666666667
4	0.75
5	0.8
6	0.833333333333
7	0.714285714286
8	0.75
9	0.666666666667
10	0.7
11	0.636363636364
12	0.666666666667
13	0.692307692308
14	0.714285714286
15	0.666666666667
16	0.625
17	0.588235294118
18	0.555555555556
19	0.578947368421
20	0.6
21	0.571428571429
22	0.545454545455
23	0.521739130435
24	0.541666666667
25	0.56
26	0.576923076923
27	0.555555555556
28	0.535714285714
29	0.551724137931
30	0.533333333333
31	0.516129032258
32	0.53125
33	0.515151515152
34	0.5
35	0.485714285714
36	0.472222222222
37	0.459459459459
38	0.447368421053
39	0.435897435897
40	0.45
41	0.463414634146
42	0.47619047619
43	0.46511627907
44	0.454545454545
45	0.466666666667
46	0.45652173913
47	0.468085106383
48	0.479166666667
49	0.469387755102
50	0.48
51	0.490196078431
52	0.480769230769
53	0.490566037736
54	0.5
55	0.490909090909
56	0.5
57	0.491228070175
58	0.48275862069
59	0.491525423729
60	0.5
61	0.508196721311
62	0.5
63	0.507936507937
64	0.5
65	0.492307692308
66	0.5
67	0.507462686567
68	0.514705882353
69	0.507246376812
70	0.5
71	0.507042253521
72	0.5
73	0.506849315068
74	0.5
75	0.493333333333
76	0.5
77	0.493506493506
78	0.487179487179
79	0.493670886076
80	0.4875
81	0.493827160494
82	0.5
83	0.506024096386
84	0.511904761905
85	0.517647058824
86	0.511627906977
87	0.51724137931
88	0.511363636364
89	0.505617977528
90	0.511111111111
91	0.516483516484
92	0.510869565217
93	0.505376344086
94	0.510638297872
95	0.505263157895
96	0.510416666667
97	0.505154639175
98	0.5
99	0.505050505051
100	0.5
110	0.518181818182
120	0.533333333333
130	0.523076923077
140	0.528571428571
150	0.546666666667
160	0.55625
170	0.541176470588
180	0.55
190	0.547368421053
200	0.55
210	0.547619047619
220	0.536363636364
230	0.534782608696
240	0.5375
250	0.532
260	0.519230769231
270	0.52962962963
280	0.521428571429
290	0.520689655172
300	0.523333333333
310	0.525806451613
320	0.528125
330	0.527272727273
340	0.526470588235
350	0.525714285714
360	0.522222222222
370	0.518918918919
380	0.515789473684
390	0.515384615385
400	0.52
410	0.524390243902
420	0.528571428571
430	0.520930232558
440	0.515909090909
450	0.515555555556
460	0.508695652174
470	0.504255319149
480	0.504166666667
490	0.504081632653
500	0.5
510	0.496078431373
520	0.494230769231
530	0.496226415094
540	0.492592592593
550	0.492727272727
560	0.494642857143
570	0.498245614035
580	0.501724137931
590	0.503389830508
600	0.505
610	0.504918032787
620	0.5
630	0.498412698413
640	0.496875
650	0.495384615385
660	0.493939393939
670	0.501492537313
680	0.501470588235
690	0.5
700	0.497142857143
710	0.498591549296
720	0.497222222222
730	0.494520547945
740	0.491891891892
750	0.490666666667
760	0.496052631579
770	0.496103896104
780	0.49358974359
790	0.488607594937
800	0.49125
810	0.491358024691
820	0.491463414634
830	0.492771084337
840	0.494047619048
850	0.494117647059
860	0.494186046512
870	0.491954022989
880	0.490909090909
890	0.489887640449
900	0.487777777778
910	0.486813186813
920	0.483695652174
930	0.483870967742
940	0.484042553191
950	0.486315789474
960	0.4875
970	0.486597938144
980	0.485714285714
990	0.488888888889
1000	0.49
1100	0.482727272727
1200	0.481666666667
1300	0.48
1400	0.482142857143
1500	0.479333333333
1600	0.474375
1700	0.470588235294
1800	0.469444444444
1900	0.473157894737
2000	0.4755
2100	0.47619047619
2200	0.475454545455
2300	0.474347826087
2400	0.4775
2500	0.478
2600	0.481538461538
2700	0.481111111111
2800	0.480714285714
2900	0.481034482759
3000	0.480333333333
3100	0.482580645161
3200	0.48375
3300	0.485454545455
3400	0.487058823529
3500	0.486857142857
3600	0.488055555556
3700	0.488378378378
3800	0.491315789474
3900	0.492307692308
4000	0.49425
4100	0.495853658537
4200	0.494285714286
4300	0.493488372093
4400	0.493636363636
4500	0.494
4600	0.494130434783
4700	0.494893617021
4800	0.4975
4900	0.497959183673
5000	0.4972
5100	0.497254901961
5200	0.498846153846
5300	0.500377358491
5400	0.500185185185
5500	0.501090909091
5600	0.500892857143
5700	0.501578947368
5800	0.501896551724
5900	0.502542372881
6000	0.503833333333
6100	0.504098360656
6200	0.505322580645
6300	0.505714285714
6400	0.50734375
6500	0.508615384615
6600	0.509242424242
6700	0.509253731343
6800	0.510147058824
6900	0.510579710145
7000	0.510142857143
7100	0.511126760563
7200	0.511388888889
7300	0.512054794521
7400	0.511756756757
7500	0.512266666667
7600	0.512894736842
7700	0.513636363636
7800	0.514358974359
7900	0.515063291139
8000	0.51575
8100	0.516419753086
8200	0.516951219512
8300	0.517108433735
8400	0.518214285714
8500	0.518941176471
8600	0.51976744186
8700	0.520229885057
8800	0.52125
8900	0.521573033708
9000	0.521555555556
9100	0.521758241758
9200	0.522608695652
9300	0.52311827957
9400	0.523829787234
9500	0.524842105263
9600	0.5253125
9700	0.526082474227
9800	0.526020408163
9900	0.526565656566
10000	0.5262
11000	0.529
12000	0.532583333333
13000	0.534153846154
14000	0.534642857143
15000	0.538133333333
16000	0.5403125
17000	0.544941176471
18000	0.545555555556
19000	0.546842105263
20000	0.5471
21000	0.548285714286
22000	0.550818181818
23000	0.552347826087
24000	0.553708333333
25000	0.55488
26000	0.556038461538
27000	0.556222222222
28000	0.5565
29000	0.558620689655
30000	0.559133333333
31000	0.559483870968
32000	0.56109375
33000	0.56196969697
34000	0.562647058824
35000	0.563971428571
36000	0.56475
37000	0.564864864865
38000	0.565789473684
39000	0.566282051282
40000	0.566275
41000	0.567170731707
42000	0.568142857143
43000	0.569651162791
44000	0.570090909091
45000	0.571955555556
46000	0.572804347826
47000	0.573723404255
48000	0.574354166667
49000	0.575020408163
50000	0.57556
51000	0.576294117647
52000	0.576788461538
53000	0.577339622642
54000	0.578
55000	0.579163636364
56000	0.579607142857
57000	0.580421052632
58000	0.580655172414
59000	0.581186440678
60000	0.5821
61000	0.582639344262
62000	0.583451612903
63000	0.584111111111
64000	0.5848125
65000	0.585169230769
66000	0.585484848485
67000	0.586029850746
68000	0.586441176471
69000	0.586652173913
70000	0.587357142857
71000	0.588028169014
72000	0.588611111111
73000	0.588616438356
74000	0.589175675676
75000	0.589413333333
76000	0.589671052632
77000	0.590038961039
78000	0.5905
79000	0.59053164557
80000	0.5909375
81000	0.591271604938
82000	0.591646341463
83000	0.591963855422
84000	0.592238095238
85000	0.592694117647
86000	0.593209302326
87000	0.593367816092
88000	0.593443181818
89000	0.59397752809
90000	0.594533333333
91000	0.594758241758
92000	0.595010869565
93000	0.595365591398
94000	0.595787234043
95000	0.596178947368
96000	0.59671875
97000	0.59706185567
98000	0.597551020408
99000	0.598060606061
100000	0.59855
110000	0.600827272727
120000	0.6045
130000	0.6083
140000	0.611378571429
150000	0.613466666667
160000	0.616025
170000	0.618217647059
180000	0.620188888889
190000	0.622757894737
200000	0.624595
210000	0.626123809524
220000	0.627690909091
230000	0.629013043478
240000	0.630495833333
250000	0.631764
260000	0.633346153846
270000	0.634492592593
280000	0.635628571429
290000	0.636727586207
300000	0.638173333333
310000	0.63945483871
320000	0.640353125
330000	0.641233333333
340000	0.641523529412
350000	0.641894285714
360000	0.642811111111
370000	0.643475675676
380000	0.644376315789
390000	0.645353846154
400000	0.646135
410000	0.647129268293
420000	0.647928571429
430000	0.648851162791
440000	0.649865909091
450000	0.6509
460000	0.651810869565
470000	0.652721276596
480000	0.653729166667
490000	0.65473877551
500000	0.655764
510000	0.656576470588
520000	0.657632692308
530000	0.658496226415
540000	0.659551851852
550000	0.660627272727
560000	0.661457142857
570000	0.662342105263
580000	0.66319137931
590000	0.664006779661
600000	0.664771666667
610000	0.665568852459
620000	0.666198387097
630000	0.667058730159
640000	0.667828125
650000	0.668587692308
660000	0.669253030303
670000	0.669968656716
680000	0.670663235294
690000	0.671360869565
700000	0.671911428571
710000	0.672492957746
720000	0.673033333333
730000	0.673638356164
740000	0.674233783784
750000	0.674908
760000	0.675568421053
770000	0.676292207792
780000	0.67703974359
790000	0.677793670886
800000	0.6786375
810000	0.679313580247
820000	0.679941463415
830000	0.680561445783
840000	0.681270238095
850000	0.681831764706
860000	0.682387209302
870000	0.682862068966
880000	0.683377272727
890000	0.683859550562
900000	0.684376666667
910000	0.68492967033
920000	0.685430434783
930000	0.685908602151
940000	0.686465957447
950000	0.687008421053
960000	0.687544791667
970000	0.688060824742
980000	0.68842244898
990000	0.688911111111
1000000	0.689453
