0	0
1	0.0
2	0.5
3	0.333333333333
4	0.25
5	0.2
6	0.166666666667
7	0.142857142857
8	0.25
9	0.333333333333
10	0.3
11	0.272727272727
12	0.25
13	0.230769230769
14	0.285714285714
15	0.266666666667
16	0.25
17	0.235294117647
18	0.222222222222
19	0.210526315789
20	0.25
21	0.285714285714
22	0.272727272727
23	0.304347826087
24	0.333333333333
25	0.32
26	0.346153846154
27	0.37037037037
28	0.357142857143
29	0.344827586207
30	0.366666666667
31	0.354838709677
32	0.375
33	0.363636363636
34	0.382352941176
35	0.371428571429
36	0.361111111111
37	0.351351351351
38	0.342105263158
39	0.333333333333
40	0.35
41	0.365853658537
42	0.380952380952
43	0.372093023256
44	0.363636363636
45	0.377777777778
46	0.369565217391
47	0.382978723404
48	0.395833333333
49	0.408163265306
50	0.4
51	0.411764705882
52	0.423076923077
53	0.433962264151
54	0.425925925926
55	0.436363636364
56	0.446428571429
57	0.456140350877
58	0.448275862069
59	0.457627118644
60	0.45
61	0.459016393443
62	0.451612903226
63	0.444444444444
64	0.4375
65	0.446153846154
66	0.454545454545
67	0.462686567164
68	0.455882352941
69	0.463768115942
70	0.471428571429
71	0.478873239437
72	0.472222222222
73	0.479452054795
74	0.486486486486
75	0.48
76	0.473684210526
77	0.480519480519
78	0.487179487179
79	0.493670886076
80	0.5
81	0.493827160494
82	0.5
83	0.493975903614
84	0.5
85	0.494117647059
86	0.5
87	0.494252873563
88	0.5
89	0.494382022472
90	0.5
91	0.505494505495
92	0.510869565217
93	0.505376344086
94	0.5
95	0.494736842105
96	0.489583333333
97	0.494845360825
98	0.5
99	0.505050505051
100	0.5
110	0.481818181818
120	0.475
130	0.476923076923
140	0.492857142857
150	0.473333333333
160	0.4625
170	0.470588235294
180	0.472222222222
190	0.473684210526
200	0.47
210	0.461904761905
220	0.463636363636
230	0.45652173913
240	0.458333333333
250	0.456
260	0.465384615385
270	0.474074074074
280	0.478571428571
290	0.48275862069
300	0.486666666667
310	0.48064516129
320	0.484375
330	0.487878787879
340	0.488235294118
350	0.477142857143
360	0.475
370	0.475675675676
380	0.476315789474
390	0.482051282051
400	0.4775
410	0.478048780488
420	0.47619047619
430	0.474418604651
440	0.472727272727
450	0.471111111111
460	0.467391304348
470	0.463829787234
480	0.464583333333
490	0.465306122449
500	0.466
510	0.464705882353
520	0.467307692308
530	0.466037735849
540	0.468518518519
550	0.461818181818
560	0.460714285714
570	0.463157894737
580	0.463793103448
590	0.462711864407
600	0.461666666667
610	0.459016393443
620	0.462903225806
630	0.45873015873
640	0.453125
650	0.452307692308
660	0.451515151515
670	0.45671641791
680	0.457352941176
690	0.452173913043
700	0.452857142857
710	0.453521126761
720	0.451388888889
730	0.449315068493
740	0.451351351351
750	0.452
760	0.45
770	0.450649350649
780	0.45
790	0.450632911392
800	0.45125
810	0.449382716049
820	0.446341463415
830	0.448192771084
840	0.44880952381
850	0.448235294118
860	0.448837209302
870	0.449425287356
880	0.452272727273
890	0.455056179775
900	0.457777777778
910	0.459340659341
920	0.460869565217
930	0.462365591398
940	0.462765957447
950	0.457894736842
960	0.458333333333
970	0.460824742268
980	0.459183673469
990	0.457575757576
1000	0.461
1100	0.472727272727
1200	0.465
1300	0.463076923077
1400	0.466428571429
1500	0.470666666667
1600	0.476875
1700	0.478823529412
1800	0.482777777778
1900	0.484210526316
2000	0.484
2100	0.481428571429
2200	0.487272727273
2300	0.487826086957
2400	0.490416666667
2500	0.4908
2600	0.492692307692
2700	0.491851851852
2800	0.490714285714
2900	0.49275862069
3000	0.491666666667
3100	0.492903225806
3200	0.495
3300	0.495151515152
3400	0.496470588235
3500	0.498285714286
3600	0.496111111111
3700	0.498378378378
3800	0.498947368421
3900	0.503333333333
4000	0.50325
4100	0.505365853659
4200	0.507142857143
4300	0.506976744186
4400	0.507954545455
4500	0.508666666667
4600	0.50847826087
4700	0.510212765957
4800	0.509791666667
4900	0.511836734694
5000	0.511
5100	0.512156862745
5200	0.513461538462
5300	0.514150943396
5400	0.516111111111
5500	0.516181818182
5600	0.517678571429
5700	0.518596491228
5800	0.518793103448
5900	0.517966101695
6000	0.5195
6100	0.519016393443
6200	0.519032258065
6300	0.519047619048
6400	0.51828125
6500	0.518153846154
6600	0.518636363636
6700	0.519253731343
6800	0.519411764706
6900	0.520724637681
7000	0.521142857143
7100	0.521267605634
7200	0.520833333333
7300	0.519589041096
7400	0.520540540541
7500	0.521066666667
7600	0.521973684211
7700	0.522337662338
7800	0.522820512821
7900	0.523417721519
8000	0.524
8100	0.524938271605
8200	0.524634146341
8300	0.525421686747
8400	0.525238095238
8500	0.526470588235
8600	0.527906976744
8700	0.527931034483
8800	0.527840909091
8900	0.526966292135
9000	0.526666666667
9100	0.527252747253
9200	0.526413043478
9300	0.526021505376
9400	0.527127659574
9500	0.527578947368
9600	0.528125
9700	0.52824742268
9800	0.529387755102
9900	0.53
10000	0.5289
11000	0.532454545455
12000	0.53525
13000	0.538384615385
14000	0.541571428571
15000	0.543666666667
16000	0.5468125
17000	0.549764705882
18000	0.5505
19000	0.551315789474
20000	0.5532
21000	0.553904761905
22000	0.555181818182
23000	0.557173913043
24000	0.559458333333
25000	0.56068
26000	0.561461538462
27000	0.562111111111
28000	0.563214285714
29000	0.564275862069
30000	0.565466666667
31000	0.566419354839
32000	0.5674375
33000	0.568363636364
34000	0.569323529412
35000	0.5708
36000	0.571444444444
37000	0.571783783784
38000	0.571947368421
39000	0.571769230769
40000	0.5722
41000	0.572756097561
42000	0.573333333333
43000	0.573906976744
44000	0.573840909091
45000	0.574222222222
46000	0.575065217391
47000	0.576063829787
48000	0.5766875
49000	0.577102040816
50000	0.57776
51000	0.57837254902
52000	0.578846153846
53000	0.578981132075
54000	0.579314814815
55000	0.5796
56000	0.580285714286
57000	0.581105263158
58000	0.581879310345
59000	0.582372881356
60000	0.582733333333
61000	0.582803278689
62000	0.583016129032
63000	0.583412698413
64000	0.583484375
65000	0.583969230769
66000	0.58446969697
67000	0.584641791045
68000	0.5855
69000	0.585420289855
70000	0.585957142857
71000	0.586577464789
72000	0.586875
73000	0.587260273973
74000	0.587689189189
75000	0.588146666667
76000	0.588697368421
77000	0.588805194805
78000	0.58908974359
79000	0.58946835443
80000	0.5902375
81000	0.59049382716
82000	0.590804878049
83000	0.59143373494
84000	0.591797619048
85000	0.591894117647
86000	0.592046511628
87000	0.592528735632
88000	0.593022727273
89000	0.593438202247
90000	0.593677777778
91000	0.594197802198
92000	0.594576086957
93000	0.594698924731
94000	0.595170212766
95000	0.595589473684
96000	0.5958125
97000	0.596103092784
98000	0.596428571429
99000	0.596535353535
100000	0.5967
110000	0.598954545455
120000	0.600591666667
130000	0.602492307692
140000	0.604128571429
150000	0.60616
160000	0.6077875
170000	0.609735294118
180000	0.611138888889
190000	0.612589473684
200000	0.61448
210000	0.615628571429
220000	0.616909090909
230000	0.618630434783
240000	0.620325
250000	0.62194
260000	0.623592307692
270000	0.624896296296
280000	0.626228571429
290000	0.627393103448
300000	0.62883
310000	0.629732258065
320000	0.6308375
330000	0.632039393939
340000	0.633117647059
350000	0.6338
360000	0.634883333333
370000	0.635786486486
380000	0.636592105263
390000	0.637335897436
400000	0.637915
410000	0.638765853659
420000	0.639645238095
430000	0.640441860465
440000	0.641197727273
450000	0.641815555556
460000	0.642345652174
470000	0.643174468085
480000	0.64373125
490000	0.644365306122
500000	0.645126
510000	0.645709803922
520000	0.646255769231
530000	0.647030188679
540000	0.647711111111
550000	0.648289090909
560000	0.648780357143
570000	0.649336842105
580000	0.649848275862
590000	0.650488135593
600000	0.65101
610000	0.651455737705
620000	0.651969354839
630000	0.652449206349
640000	0.65289375
650000	0.653292307692
660000	0.653828787879
670000	0.654271641791
680000	0.654860294118
690000	0.655165217391
700000	0.655548571429
710000	0.655964788732
720000	0.656363888889
730000	0.656795890411
740000	0.657182432432
750000	0.657582666667
760000	0.658072368421
770000	0.658493506494
780000	0.658851282051
790000	0.6592
800000	0.65955875
810000	0.659869135802
820000	0.660254878049
830000	0.660671084337
840000	0.66105
850000	0.661384705882
860000	0.661739534884
870000	0.662131034483
880000	0.662507954545
890000	0.662876404494
900000	0.663373333333
910000	0.663682417582
920000	0.663990217391
930000	0.664240860215
940000	0.664565957447
950000	0.664951578947
960000	0.665334375
970000	0.665691752577
980000	0.66608877551
990000	0.666442424242
1000000	0.666679
