0	0
1	0.0
2	0.5
3	0.333333333333
4	0.5
5	0.6
6	0.5
7	0.428571428571
8	0.375
9	0.444444444444
10	0.4
11	0.454545454545
12	0.5
13	0.461538461538
14	0.5
15	0.466666666667
16	0.4375
17	0.470588235294
18	0.5
19	0.526315789474
20	0.55
21	0.52380952381
22	0.5
23	0.478260869565
24	0.5
25	0.52
26	0.538461538462
27	0.555555555556
28	0.571428571429
29	0.586206896552
30	0.566666666667
31	0.58064516129
32	0.59375
33	0.606060606061
34	0.588235294118
35	0.6
36	0.611111111111
37	0.621621621622
38	0.605263157895
39	0.615384615385
40	0.6
41	0.609756097561
42	0.619047619048
43	0.604651162791
44	0.590909090909
45	0.6
46	0.586956521739
47	0.595744680851
48	0.583333333333
49	0.591836734694
50	0.58
51	0.56862745098
52	0.557692307692
53	0.566037735849
54	0.574074074074
55	0.581818181818
56	0.589285714286
57	0.59649122807
58	0.603448275862
59	0.593220338983
60	0.6
61	0.606557377049
62	0.596774193548
63	0.587301587302
64	0.59375
65	0.6
66	0.606060606061
67	0.597014925373
68	0.602941176471
69	0.594202898551
70	0.585714285714
71	0.577464788732
72	0.583333333333
73	0.575342465753
74	0.581081081081
75	0.586666666667
76	0.578947368421
77	0.584415584416
78	0.576923076923
79	0.582278481013
80	0.5875
81	0.58024691358
82	0.585365853659
83	0.578313253012
84	0.571428571429
85	0.564705882353
86	0.558139534884
87	0.551724137931
88	0.545454545455
89	0.550561797753
90	0.544444444444
91	0.538461538462
92	0.532608695652
93	0.537634408602
94	0.531914893617
95	0.536842105263
96	0.53125
97	0.525773195876
98	0.530612244898
99	0.525252525253
100	0.53
110	0.527272727273
120	0.516666666667
130	0.5
140	0.5
150	0.506666666667
160	0.49375
170	0.5
180	0.511111111111
190	0.510526315789
200	0.515
210	0.514285714286
220	0.518181818182
230	0.513043478261
240	0.508333333333
250	0.508
260	0.503846153846
270	0.503703703704
280	0.503571428571
290	0.503448275862
300	0.506666666667
310	0.5
320	0.496875
330	0.493939393939
340	0.488235294118
350	0.485714285714
360	0.480555555556
370	0.47027027027
380	0.471052631579
390	0.469230769231
400	0.4625
410	0.465853658537
420	0.459523809524
430	0.455813953488
440	0.456818181818
450	0.464444444444
460	0.458695652174
470	0.457446808511
480	0.458333333333
490	0.457142857143
500	0.452
510	0.454901960784
520	0.461538461538
530	0.460377358491
540	0.457407407407
550	0.452727272727
560	0.453571428571
570	0.456140350877
580	0.455172413793
590	0.457627118644
600	0.46
610	0.46393442623
620	0.461290322581
630	0.45873015873
640	0.4578125
650	0.458461538462
660	0.457575757576
670	0.459701492537
680	0.461764705882
690	0.459420289855
700	0.458571428571
710	0.452112676056
720	0.452777777778
730	0.454794520548
740	0.451351351351
750	0.454666666667
760	0.452631578947
770	0.454545454545
780	0.453846153846
790	0.451898734177
800	0.45
810	0.451851851852
820	0.451219512195
830	0.451807228916
840	0.45
850	0.450588235294
860	0.451162790698
870	0.451724137931
880	0.448863636364
890	0.448314606742
900	0.446666666667
910	0.449450549451
920	0.451086956522
930	0.448387096774
940	0.448936170213
950	0.449473684211
960	0.448958333333
970	0.448453608247
980	0.44693877551
990	0.445454545455
1000	0.446
1100	0.440909090909
1200	0.441666666667
1300	0.443076923077
1400	0.445
1500	0.444666666667
1600	0.451875
1700	0.458235294118
1800	0.455555555556
1900	0.455263157895
2000	0.4545
2100	0.45619047619
2200	0.461818181818
2300	0.466086956522
2400	0.46625
2500	0.4652
2600	0.465
2700	0.465185185185
2800	0.465714285714
2900	0.468275862069
3000	0.471666666667
3100	0.472580645161
3200	0.4728125
3300	0.474545454545
3400	0.476176470588
3500	0.476285714286
3600	0.4775
3700	0.479189189189
3800	0.482368421053
3900	0.483846153846
4000	0.487
4100	0.486097560976
4200	0.489523809524
4300	0.487906976744
4400	0.489318181818
4500	0.49
4600	0.490434782609
4700	0.492127659574
4800	0.494166666667
4900	0.493469387755
5000	0.4942
5100	0.496078431373
5200	0.498269230769
5300	0.498867924528
5400	0.498703703704
5500	0.499272727273
5600	0.50125
5700	0.501578947368
5800	0.502413793103
5900	0.502372881356
6000	0.5035
6100	0.50393442623
6200	0.506129032258
6300	0.507936507937
6400	0.50859375
6500	0.508923076923
6600	0.509545454545
6700	0.509850746269
6800	0.510294117647
6900	0.51231884058
7000	0.512428571429
7100	0.512112676056
7200	0.512638888889
7300	0.512739726027
7400	0.512432432432
7500	0.512533333333
7600	0.513157894737
7700	0.514935064935
7800	0.515512820513
7900	0.51582278481
8000	0.51625
8100	0.516543209877
8200	0.516341463415
8300	0.51734939759
8400	0.517738095238
8500	0.519058823529
8600	0.519186046512
8700	0.518965517241
8800	0.518977272727
8900	0.520112359551
9000	0.520666666667
9100	0.521098901099
9200	0.521956521739
9300	0.522258064516
9400	0.522446808511
9500	0.523263157895
9600	0.523854166667
9700	0.524432989691
9800	0.524795918367
9900	0.525252525253
10000	0.5252
11000	0.529363636364
12000	0.532333333333
13000	0.536
14000	0.5395
15000	0.541266666667
16000	0.544125
17000	0.544647058824
18000	0.547111111111
19000	0.548315789474
20000	0.55045
21000	0.552
22000	0.552227272727
23000	0.552913043478
24000	0.554708333333
25000	0.55632
26000	0.557346153846
27000	0.558481481481
28000	0.559392857143
29000	0.561551724138
30000	0.5622
31000	0.561709677419
32000	0.56203125
33000	0.562333333333
34000	0.562911764706
35000	0.5632
36000	0.564111111111
37000	0.564648648649
38000	0.565526315789
39000	0.566051282051
40000	0.566675
41000	0.567097560976
42000	0.567380952381
43000	0.567744186047
44000	0.567954545455
45000	0.568311111111
46000	0.568847826087
47000	0.569787234043
48000	0.570541666667
49000	0.571591836735
50000	0.57206
51000	0.572392156863
52000	0.572846153846
53000	0.573301886792
54000	0.573592592593
55000	0.574527272727
56000	0.575339285714
57000	0.575666666667
58000	0.576275862069
59000	0.576576271186
60000	0.577066666667
61000	0.57768852459
62000	0.578241935484
63000	0.579158730159
64000	0.579453125
65000	0.579415384615
66000	0.580212121212
67000	0.579985074627
68000	0.580338235294
69000	0.58115942029
70000	0.581285714286
71000	0.581563380282
72000	0.581986111111
73000	0.582178082192
74000	0.582445945946
75000	0.58252
76000	0.583197368421
77000	0.583649350649
78000	0.583846153846
79000	0.584443037975
80000	0.5849375
81000	0.585654320988
82000	0.585987804878
83000	0.586481927711
84000	0.586297619048
85000	0.586741176471
86000	0.58688372093
87000	0.587022988506
88000	0.587545454545
89000	0.587640449438
90000	0.587966666667
91000	0.588593406593
92000	0.588717391304
93000	0.589172043011
94000	0.589319148936
95000	0.589631578947
96000	0.590177083333
97000	0.590711340206
98000	0.591030612245
99000	0.591333333333
100000	0.59166
110000	0.594790909091
120000	0.59705
130000	0.599538461538
140000	0.601792857143
150000	0.603766666667
160000	0.60590625
170000	0.607441176471
180000	0.609272222222
190000	0.6111
200000	0.61274
210000	0.614276190476
220000	0.616090909091
230000	0.618086956522
240000	0.6195375
250000	0.620648
260000	0.622107692308
270000	0.623162962963
280000	0.624392857143
290000	0.625479310345
300000	0.626846666667
310000	0.628161290323
320000	0.62936875
330000	0.630372727273
340000	0.6314
350000	0.632617142857
360000	0.6337
370000	0.634764864865
380000	0.636057894737
390000	0.636843589744
400000	0.6375075
410000	0.638326829268
420000	0.63910952381
430000	0.639960465116
440000	0.640981818182
450000	0.641664444444
460000	0.642315217391
470000	0.643182978723
480000	0.643895833333
490000	0.64456122449
500000	0.645022
510000	0.645460784314
520000	0.646036538462
530000	0.646745283019
540000	0.647488888889
550000	0.648010909091
560000	0.648580357143
570000	0.649231578947
580000	0.649798275862
590000	0.650516949153
600000	0.65117
610000	0.65181147541
620000	0.652370967742
630000	0.6528
640000	0.6532640625
650000	0.653869230769
660000	0.654321212121
670000	0.654814925373
680000	0.655225
690000	0.655713043478
700000	0.656215714286
710000	0.656712676056
720000	0.657106944444
730000	0.65757260274
740000	0.657940540541
750000	0.658289333333
760000	0.658571052632
770000	0.658894805195
780000	0.659396153846
790000	0.659775949367
800000	0.66011375
810000	0.660538271605
820000	0.660830487805
830000	0.66116746988
840000	0.66159047619
850000	0.661890588235
860000	0.662268604651
870000	0.662687356322
880000	0.663009090909
890000	0.663246067416
900000	0.663645555556
910000	0.663984615385
920000	0.66432173913
930000	0.664666666667
940000	0.664987234043
950000	0.665276842105
960000	0.665597916667
970000	0.665853608247
980000	0.666229591837
990000	0.666592929293
1000000	0.66682
