0	0
1	0.0
2	0.0
3	0.0
4	0.0
5	0.0
6	0.0
7	0.0
8	0.0
9	0.0
10	0.0
11	0.0909090909091
12	0.166666666667
13	0.230769230769
14	0.214285714286
15	0.2
16	0.25
17	0.235294117647
18	0.277777777778
19	0.315789473684
20	0.35
21	0.333333333333
22	0.363636363636
23	0.391304347826
24	0.375
25	0.36
26	0.346153846154
27	0.333333333333
28	0.321428571429
29	0.310344827586
30	0.3
31	0.322580645161
32	0.3125
33	0.30303030303
34	0.323529411765
35	0.342857142857
36	0.333333333333
37	0.324324324324
38	0.342105263158
39	0.358974358974
40	0.35
41	0.341463414634
42	0.357142857143
43	0.372093023256
44	0.363636363636
45	0.355555555556
46	0.369565217391
47	0.382978723404
48	0.375
49	0.387755102041
50	0.4
51	0.411764705882
52	0.403846153846
53	0.396226415094
54	0.388888888889
55	0.381818181818
56	0.392857142857
57	0.40350877193
58	0.396551724138
59	0.406779661017
60	0.416666666667
61	0.409836065574
62	0.403225806452
63	0.412698412698
64	0.421875
65	0.430769230769
66	0.424242424242
67	0.432835820896
68	0.441176470588
69	0.434782608696
70	0.428571428571
71	0.422535211268
72	0.430555555556
73	0.438356164384
74	0.432432432432
75	0.44
76	0.447368421053
77	0.441558441558
78	0.435897435897
79	0.430379746835
80	0.4375
81	0.444444444444
82	0.439024390244
83	0.44578313253
84	0.440476190476
85	0.435294117647
86	0.441860465116
87	0.448275862069
88	0.443181818182
89	0.438202247191
90	0.444444444444
91	0.43956043956
92	0.434782608696
93	0.430107526882
94	0.436170212766
95	0.442105263158
96	0.447916666667
97	0.443298969072
98	0.438775510204
99	0.434343434343
100	0.44
110	0.418181818182
120	0.416666666667
130	0.407692307692
140	0.421428571429
150	0.44
160	0.45625
170	0.441176470588
180	0.438888888889
190	0.436842105263
200	0.45
210	0.457142857143
220	0.445454545455
230	0.447826086957
240	0.445833333333
250	0.452
260	0.45
270	0.448148148148
280	0.453571428571
290	0.451724137931
300	0.453333333333
310	0.448387096774
320	0.453125
330	0.454545454545
340	0.452941176471
350	0.448571428571
360	0.452777777778
370	0.456756756757
380	0.455263157895
390	0.453846153846
400	0.45
410	0.446341463415
420	0.442857142857
430	0.446511627907
440	0.447727272727
450	0.446666666667
460	0.447826086957
470	0.451063829787
480	0.447916666667
490	0.451020408163
500	0.452
510	0.449019607843
520	0.451923076923
530	0.452830188679
540	0.459259259259
550	0.458181818182
560	0.458928571429
570	0.461403508772
580	0.462068965517
590	0.466101694915
600	0.461666666667
610	0.459016393443
620	0.461290322581
630	0.461904761905
640	0.4625
650	0.464615384615
660	0.463636363636
670	0.468656716418
680	0.472058823529
690	0.471014492754
700	0.47
710	0.470422535211
720	0.468055555556
730	0.468493150685
740	0.467567567568
750	0.466666666667
760	0.467105263158
770	0.467532467532
780	0.469230769231
790	0.470886075949
800	0.4725
810	0.474074074074
820	0.475609756098
830	0.475903614458
840	0.47380952381
850	0.472941176471
860	0.472093023256
870	0.473563218391
880	0.476136363636
890	0.474157303371
900	0.476666666667
910	0.474725274725
920	0.473913043478
930	0.477419354839
940	0.475531914894
950	0.472631578947
960	0.472916666667
970	0.474226804124
980	0.473469387755
990	0.473737373737
1000	0.473
1100	0.468181818182
1200	0.470833333333
1300	0.465384615385
1400	0.464285714286
1500	0.467333333333
1600	0.466875
1700	0.467058823529
1800	0.468888888889
1900	0.47
2000	0.4705
2100	0.469523809524
2200	0.473636363636
2300	0.476086956522
2400	0.472083333333
2500	0.4712
2600	0.473076923077
2700	0.475185185185
2800	0.477142857143
2900	0.478965517241
3000	0.481666666667
3100	0.481290322581
3200	0.4815625
3300	0.482121212121
3400	0.482352941176
3500	0.482857142857
3600	0.483333333333
3700	0.483513513514
3800	0.487894736842
3900	0.489487179487
4000	0.4905
4100	0.492682926829
4200	0.492619047619
4300	0.493023255814
4400	0.495
4500	0.495555555556
4600	0.496304347826
4700	0.495957446809
4800	0.497708333333
4900	0.497551020408
5000	0.497
5100	0.497450980392
5200	0.499230769231
5300	0.502264150943
5400	0.503333333333
5500	0.504181818182
5600	0.503392857143
5700	0.504210526316
5800	0.504310344828
5900	0.505084745763
6000	0.505166666667
6100	0.505081967213
6200	0.505806451613
6300	0.50619047619
6400	0.506875
6500	0.508153846154
6600	0.508939393939
6700	0.509701492537
6800	0.510735294118
6900	0.51231884058
7000	0.513714285714
7100	0.515070422535
7200	0.515416666667
7300	0.514931506849
7400	0.516081081081
7500	0.516533333333
7600	0.518157894737
7700	0.518961038961
7800	0.519102564103
7900	0.518607594937
8000	0.51875
8100	0.519382716049
8200	0.521951219512
8300	0.523253012048
8400	0.523333333333
8500	0.523529411765
8600	0.522790697674
8700	0.523563218391
8800	0.524772727273
8900	0.524382022472
9000	0.525333333333
9100	0.525604395604
9200	0.526195652174
9300	0.526666666667
9400	0.526489361702
9500	0.526842105263
9600	0.5275
9700	0.528762886598
9800	0.528775510204
9900	0.529292929293
10000	0.5298
11000	0.534636363636
12000	0.53625
13000	0.539307692308
14000	0.542
15000	0.544133333333
16000	0.5475
17000	0.549294117647
18000	0.551055555556
19000	0.553052631579
20000	0.5544
21000	0.554714285714
22000	0.556181818182
23000	0.558260869565
24000	0.559708333333
25000	0.561
26000	0.562615384615
27000	0.563407407407
28000	0.564464285714
29000	0.564931034483
30000	0.565633333333
31000	0.566419354839
32000	0.567125
33000	0.56803030303
34000	0.568970588235
35000	0.569542857143
36000	0.570972222222
37000	0.572162162162
38000	0.572947368421
39000	0.573102564103
40000	0.573425
41000	0.574268292683
42000	0.575214285714
43000	0.575906976744
44000	0.575977272727
45000	0.576422222222
46000	0.576434782609
47000	0.576936170213
48000	0.5771875
49000	0.577653061224
50000	0.57824
51000	0.578745098039
52000	0.579326923077
53000	0.579603773585
54000	0.579444444444
55000	0.579581818182
56000	0.579642857143
57000	0.580140350877
58000	0.580637931034
59000	0.581406779661
60000	0.581933333333
61000	0.582278688525
62000	0.582225806452
63000	0.58246031746
64000	0.582703125
65000	0.582984615385
66000	0.583439393939
67000	0.583776119403
68000	0.584117647059
69000	0.584260869565
70000	0.584842857143
71000	0.585183098592
72000	0.585263888889
73000	0.585726027397
74000	0.585756756757
75000	0.586493333333
76000	0.587131578947
77000	0.587480519481
78000	0.58741025641
79000	0.587708860759
80000	0.587925
81000	0.588172839506
82000	0.588219512195
83000	0.58843373494
84000	0.588476190476
85000	0.588552941176
86000	0.58876744186
87000	0.589287356322
88000	0.589738636364
89000	0.590011235955
90000	0.590355555556
91000	0.590934065934
92000	0.591293478261
93000	0.591548387097
94000	0.591712765957
95000	0.592021052632
96000	0.5924375
97000	0.592855670103
98000	0.593224489796
99000	0.593787878788
100000	0.59412
110000	0.596245454545
120000	0.598383333333
130000	0.600930769231
140000	0.60275
150000	0.60438
160000	0.60659375
170000	0.608352941176
180000	0.610522222222
190000	0.612242105263
200000	0.613135
210000	0.614552380952
220000	0.616127272727
230000	0.617408695652
240000	0.618491666667
250000	0.619672
260000	0.620730769231
270000	0.6219
280000	0.623132142857
290000	0.623948275862
300000	0.625076666667
310000	0.626067741935
320000	0.626903125
330000	0.627521212121
340000	0.628502941176
350000	0.629288571429
360000	0.630144444444
370000	0.630954054054
380000	0.631581578947
390000	0.632328205128
400000	0.633095
410000	0.633736585366
420000	0.634357142857
430000	0.634993023256
440000	0.635570454545
450000	0.636102222222
460000	0.636852173913
470000	0.637455319149
480000	0.638035416667
490000	0.638569387755
500000	0.639238
510000	0.639819607843
520000	0.640332692308
530000	0.640758490566
540000	0.641375925926
550000	0.64194
560000	0.642444642857
570000	0.643028070175
580000	0.643584482759
590000	0.644072881356
600000	0.644548333333
610000	0.644909836066
620000	0.645275806452
630000	0.645684126984
640000	0.646084375
650000	0.646415384615
660000	0.646751515152
670000	0.647070149254
680000	0.647463235294
690000	0.647715942029
700000	0.648038571429
710000	0.648343661972
720000	0.6487
730000	0.64908630137
740000	0.649498648649
750000	0.649722666667
760000	0.650067105263
770000	0.650375324675
780000	0.650724358974
790000	0.650927848101
800000	0.65128125
810000	0.651665432099
820000	0.651945121951
830000	0.652265060241
840000	0.652628571429
850000	0.652925882353
860000	0.653123255814
870000	0.653391954023
880000	0.6535125
890000	0.653805617978
900000	0.654036666667
910000	0.654189010989
920000	0.654410869565
930000	0.654669892473
940000	0.654930851064
950000	0.655116842105
960000	0.655416666667
970000	0.655688659794
980000	0.655965306122
990000	0.656219191919
1000000	0.656434
