0	0
1	1.0
2	0.5
3	0.666666666667
4	0.5
5	0.4
6	0.5
7	0.571428571429
8	0.5
9	0.555555555556
10	0.6
11	0.636363636364
12	0.666666666667
13	0.692307692308
14	0.642857142857
15	0.666666666667
16	0.6875
17	0.647058823529
18	0.666666666667
19	0.631578947368
20	0.6
21	0.571428571429
22	0.590909090909
23	0.565217391304
24	0.583333333333
25	0.56
26	0.576923076923
27	0.555555555556
28	0.535714285714
29	0.551724137931
30	0.566666666667
31	0.58064516129
32	0.5625
33	0.575757575758
34	0.588235294118
35	0.571428571429
36	0.555555555556
37	0.567567567568
38	0.578947368421
39	0.589743589744
40	0.6
41	0.609756097561
42	0.595238095238
43	0.581395348837
44	0.568181818182
45	0.555555555556
46	0.565217391304
47	0.553191489362
48	0.541666666667
49	0.530612244898
50	0.52
51	0.529411764706
52	0.519230769231
53	0.528301886792
54	0.518518518519
55	0.527272727273
56	0.535714285714
57	0.526315789474
58	0.51724137931
59	0.525423728814
60	0.533333333333
61	0.524590163934
62	0.516129032258
63	0.52380952381
64	0.515625
65	0.523076923077
66	0.515151515152
67	0.507462686567
68	0.514705882353
69	0.521739130435
70	0.528571428571
71	0.521126760563
72	0.513888888889
73	0.506849315068
74	0.513513513514
75	0.52
76	0.513157894737
77	0.519480519481
78	0.525641025641
79	0.53164556962
80	0.5375
81	0.530864197531
82	0.536585365854
83	0.530120481928
84	0.52380952381
85	0.529411764706
86	0.53488372093
87	0.540229885057
88	0.545454545455
89	0.539325842697
90	0.533333333333
91	0.538461538462
92	0.532608695652
93	0.537634408602
94	0.542553191489
95	0.536842105263
96	0.53125
97	0.525773195876
98	0.520408163265
99	0.515151515152
100	0.52
110	0.509090909091
120	0.508333333333
130	0.507692307692
140	0.507142857143
150	0.513333333333
160	0.5125
170	0.505882352941
180	0.505555555556
190	0.5
200	0.5
210	0.504761904762
220	0.504545454545
230	0.504347826087
240	0.491666666667
250	0.492
260	0.480769230769
270	0.477777777778
280	0.489285714286
290	0.48275862069
300	0.473333333333
310	0.474193548387
320	0.471875
330	0.478787878788
340	0.479411764706
350	0.482857142857
360	0.488888888889
370	0.489189189189
380	0.494736842105
390	0.494871794872
400	0.5
410	0.50487804878
420	0.502380952381
430	0.504651162791
440	0.509090909091
450	0.508888888889
460	0.508695652174
470	0.508510638298
480	0.50625
490	0.50612244898
500	0.506
510	0.507843137255
520	0.509615384615
530	0.505660377358
540	0.509259259259
550	0.512727272727
560	0.510714285714
570	0.512280701754
580	0.513793103448
590	0.516949152542
600	0.518333333333
610	0.516393442623
620	0.51935483871
630	0.514285714286
640	0.51875
650	0.518461538462
660	0.516666666667
670	0.517910447761
680	0.520588235294
690	0.521739130435
700	0.524285714286
710	0.522535211268
720	0.525
730	0.527397260274
740	0.52972972973
750	0.532
760	0.536842105263
770	0.535064935065
780	0.537179487179
790	0.539240506329
800	0.54
810	0.53950617284
820	0.537804878049
830	0.540963855422
840	0.542857142857
850	0.541176470588
860	0.540697674419
870	0.53908045977
880	0.539772727273
890	0.540449438202
900	0.54
910	0.540659340659
920	0.542391304348
930	0.540860215054
940	0.540425531915
950	0.541052631579
960	0.542708333333
970	0.542268041237
980	0.540816326531
990	0.538383838384
1000	0.537
1100	0.54
1200	0.545833333333
1300	0.545384615385
1400	0.543571428571
1500	0.544666666667
1600	0.540625
1700	0.535882352941
1800	0.541111111111
1900	0.538421052632
2000	0.539
2100	0.539047619048
2200	0.534090909091
2300	0.534782608696
2400	0.531666666667
2500	0.5272
2600	0.526538461538
2700	0.525185185185
2800	0.525357142857
2900	0.522413793103
3000	0.522333333333
3100	0.51935483871
3200	0.5190625
3300	0.517878787879
3400	0.517058823529
3500	0.515142857143
3600	0.513333333333
3700	0.511621621622
3800	0.510789473684
3900	0.508205128205
4000	0.5065
4100	0.504390243902
4200	0.50380952381
4300	0.506511627907
4400	0.507727272727
4500	0.506666666667
4600	0.505434782609
4700	0.505531914894
4800	0.50375
4900	0.501224489796
5000	0.5
5100	0.498039215686
5200	0.498461538462
5300	0.496981132075
5400	0.495740740741
5500	0.495090909091
5600	0.494642857143
5700	0.493684210526
5800	0.492931034483
5900	0.491355932203
6000	0.4905
6100	0.489836065574
6200	0.489032258065
6300	0.487619047619
6400	0.4871875
6500	0.487384615385
6600	0.48696969697
6700	0.486268656716
6800	0.484117647059
6900	0.482753623188
7000	0.482857142857
7100	0.482957746479
7200	0.482361111111
7300	0.482328767123
7400	0.481621621622
7500	0.4812
7600	0.481315789474
7700	0.48025974026
7800	0.480128205128
7900	0.479113924051
8000	0.478
8100	0.476913580247
8200	0.476341463415
8300	0.476506024096
8400	0.477142857143
8500	0.476117647059
8600	0.475813953488
8700	0.47632183908
8800	0.475227272727
8900	0.475056179775
9000	0.472888888889
9100	0.472087912088
9200	0.471086956522
9300	0.469247311828
9400	0.468191489362
9500	0.467578947368
9600	0.467291666667
9700	0.466907216495
9800	0.466428571429
9900	0.465454545455
10000	0.4652
11000	0.46
12000	0.456583333333
13000	0.455230769231
14000	0.452571428571
15000	0.4492
16000	0.448
17000	0.445529411765
18000	0.444666666667
19000	0.443473684211
20000	0.442
21000	0.440285714286
22000	0.440045454545
23000	0.437695652174
24000	0.43625
25000	0.43572
26000	0.434923076923
27000	0.434333333333
28000	0.433035714286
29000	0.432137931034
30000	0.431366666667
31000	0.431064516129
32000	0.42971875
33000	0.428787878788
34000	0.427529411765
35000	0.425885714286
36000	0.425
37000	0.424297297297
38000	0.423210526316
39000	0.422615384615
40000	0.42235
41000	0.421634146341
42000	0.421119047619
43000	0.420395348837
44000	0.419704545455
45000	0.419377777778
46000	0.41947826087
47000	0.418595744681
48000	0.418145833333
49000	0.41793877551
50000	0.41706
51000	0.416568627451
52000	0.415807692308
53000	0.415433962264
54000	0.415222222222
55000	0.415054545455
56000	0.414196428571
57000	0.413543859649
58000	0.413189655172
59000	0.413016949153
60000	0.4125
61000	0.412229508197
62000	0.411612903226
63000	0.410904761905
64000	0.41084375
65000	0.410815384615
66000	0.410333333333
67000	0.40971641791
68000	0.409220588235
69000	0.408971014493
70000	0.408685714286
71000	0.408154929577
72000	0.407625
73000	0.40704109589
74000	0.406648648649
75000	0.406866666667
76000	0.406486842105
77000	0.406350649351
78000	0.406141025641
79000	0.406202531646
80000	0.40575
81000	0.405901234568
82000	0.405597560976
83000	0.40534939759
84000	0.405130952381
85000	0.405023529412
86000	0.404441860465
87000	0.404091954023
88000	0.403738636364
89000	0.403505617978
90000	0.403344444444
91000	0.402945054945
92000	0.402891304348
93000	0.402537634409
94000	0.402276595745
95000	0.402357894737
96000	0.401989583333
97000	0.40181443299
98000	0.40162244898
99000	0.401252525253
100000	0.40101
110000	0.399036363636
120000	0.3969
130000	0.394946153846
140000	0.393557142857
150000	0.392166666667
160000	0.39051875
170000	0.388947058824
180000	0.387327777778
190000	0.3858
200000	0.384095
210000	0.382338095238
220000	0.380568181818
230000	0.378243478261
240000	0.376841666667
250000	0.375224
260000	0.373803846154
270000	0.372503703704
280000	0.371525
290000	0.370179310345
300000	0.36914
310000	0.368183870968
320000	0.36706875
330000	0.365981818182
340000	0.364791176471
350000	0.363637142857
360000	0.362527777778
370000	0.361467567568
380000	0.360610526316
390000	0.359579487179
400000	0.3585975
410000	0.357953658537
420000	0.357185714286
430000	0.356502325581
440000	0.355954545455
450000	0.355151111111
460000	0.354408695652
470000	0.353746808511
480000	0.353110416667
490000	0.352518367347
500000	0.351806
510000	0.351209803922
520000	0.350448076923
530000	0.34969245283
540000	0.349090740741
550000	0.348469090909
560000	0.348046428571
570000	0.347463157895
580000	0.346922413793
590000	0.346276271186
600000	0.345741666667
610000	0.345257377049
620000	0.344758064516
630000	0.344212698413
640000	0.3438625
650000	0.343276923077
660000	0.342812121212
670000	0.342386567164
680000	0.341935294118
690000	0.341431884058
700000	0.340951428571
710000	0.3406
720000	0.340227777778
730000	0.339756164384
740000	0.339351351351
750000	0.338765333333
760000	0.338397368421
770000	0.337828571429
780000	0.337391025641
790000	0.337044303797
800000	0.33665
810000	0.336227160494
820000	0.33583902439
830000	0.335365060241
840000	0.334953571429
850000	0.334582352941
860000	0.334213953488
870000	0.333955172414
880000	0.3335625
890000	0.33323258427
900000	0.332926666667
910000	0.332647252747
920000	0.332357608696
930000	0.332065591398
940000	0.331824468085
950000	0.331527368421
960000	0.331228125
970000	0.330871134021
980000	0.330616326531
990000	0.330355555556
1000000	0.33002
