0	0
1	1.0
2	0.5
3	0.666666666667
4	0.75
5	0.8
6	0.666666666667
7	0.714285714286
8	0.625
9	0.555555555556
10	0.6
11	0.545454545455
12	0.5
13	0.538461538462
14	0.5
15	0.533333333333
16	0.5625
17	0.588235294118
18	0.555555555556
19	0.578947368421
20	0.6
21	0.619047619048
22	0.636363636364
23	0.652173913043
24	0.666666666667
25	0.68
26	0.692307692308
27	0.703703703704
28	0.678571428571
29	0.655172413793
30	0.633333333333
31	0.612903225806
32	0.625
33	0.606060606061
34	0.617647058824
35	0.6
36	0.583333333333
37	0.594594594595
38	0.578947368421
39	0.564102564103
40	0.55
41	0.536585365854
42	0.547619047619
43	0.558139534884
44	0.545454545455
45	0.533333333333
46	0.521739130435
47	0.531914893617
48	0.520833333333
49	0.530612244898
50	0.52
51	0.529411764706
52	0.519230769231
53	0.528301886792
54	0.537037037037
55	0.545454545455
56	0.535714285714
57	0.526315789474
58	0.534482758621
59	0.542372881356
60	0.533333333333
61	0.524590163934
62	0.516129032258
63	0.507936507937
64	0.515625
65	0.507692307692
66	0.515151515152
67	0.522388059701
68	0.514705882353
69	0.507246376812
70	0.514285714286
71	0.521126760563
72	0.513888888889
73	0.520547945205
74	0.513513513514
75	0.506666666667
76	0.5
77	0.493506493506
78	0.487179487179
79	0.493670886076
80	0.5
81	0.506172839506
82	0.512195121951
83	0.518072289157
84	0.52380952381
85	0.529411764706
86	0.523255813953
87	0.51724137931
88	0.511363636364
89	0.505617977528
90	0.511111111111
91	0.516483516484
92	0.510869565217
93	0.516129032258
94	0.521276595745
95	0.515789473684
96	0.520833333333
97	0.515463917526
98	0.510204081633
99	0.515151515152
100	0.51
110	0.545454545455
120	0.533333333333
130	0.523076923077
140	0.528571428571
150	0.54
160	0.525
170	0.523529411765
180	0.522222222222
190	0.526315789474
200	0.51
210	0.509523809524
220	0.509090909091
230	0.504347826087
240	0.508333333333
250	0.504
260	0.507692307692
270	0.514814814815
280	0.507142857143
290	0.503448275862
300	0.5
310	0.506451612903
320	0.509375
330	0.506060606061
340	0.514705882353
350	0.517142857143
360	0.508333333333
370	0.516216216216
380	0.513157894737
390	0.510256410256
400	0.51
410	0.512195121951
420	0.507142857143
430	0.511627906977
440	0.509090909091
450	0.511111111111
460	0.504347826087
470	0.504255319149
480	0.504166666667
490	0.504081632653
500	0.506
510	0.505882352941
520	0.501923076923
530	0.5
540	0.503703703704
550	0.496363636364
560	0.5
570	0.49649122807
580	0.493103448276
590	0.484745762712
600	0.488333333333
610	0.490163934426
620	0.493548387097
630	0.495238095238
640	0.4953125
650	0.492307692308
660	0.492424242424
670	0.489552238806
680	0.488235294118
690	0.485507246377
700	0.482857142857
710	0.483098591549
720	0.483333333333
730	0.482191780822
740	0.481081081081
750	0.482666666667
760	0.482894736842
770	0.483116883117
780	0.487179487179
790	0.489873417722
800	0.49
810	0.488888888889
820	0.490243902439
830	0.489156626506
840	0.490476190476
850	0.494117647059
860	0.493023255814
870	0.487356321839
880	0.486363636364
890	0.486516853933
900	0.486666666667
910	0.485714285714
920	0.486956521739
930	0.487096774194
940	0.486170212766
950	0.486315789474
960	0.484375
970	0.486597938144
980	0.485714285714
990	0.488888888889
1000	0.489
1100	0.492727272727
1200	0.493333333333
1300	0.493076923077
1400	0.491428571429
1500	0.49
1600	0.490625
1700	0.49
1800	0.491666666667
1900	0.491578947368
2000	0.489
2100	0.485714285714
2200	0.488181818182
2300	0.490869565217
2400	0.489166666667
2500	0.4864
2600	0.485769230769
2700	0.485925925926
2800	0.487857142857
2900	0.487586206897
3000	0.484333333333
3100	0.480967741935
3200	0.4821875
3300	0.481818181818
3400	0.479117647059
3500	0.478
3600	0.476388888889
3700	0.475945945946
3800	0.475526315789
3900	0.475384615385
4000	0.4765
4100	0.475853658537
4200	0.475476190476
4300	0.478139534884
4400	0.476818181818
4500	0.476888888889
4600	0.47652173913
4700	0.477234042553
4800	0.475416666667
4900	0.476734693878
5000	0.4782
5100	0.478823529412
5200	0.476923076923
5300	0.477358490566
5400	0.476481481481
5500	0.476363636364
5600	0.474821428571
5700	0.475263157895
5800	0.475517241379
5900	0.475254237288
6000	0.475
6100	0.474754098361
6200	0.475
6300	0.474920634921
6400	0.47515625
6500	0.474923076923
6600	0.474848484848
6700	0.475970149254
6800	0.477647058824
6900	0.477101449275
7000	0.477285714286
7100	0.477183098592
7200	0.477083333333
7300	0.476438356164
7400	0.477027027027
7500	0.477866666667
7600	0.477105263158
7700	0.476103896104
7800	0.475769230769
7900	0.475063291139
8000	0.474625
8100	0.474074074074
8200	0.473780487805
8300	0.473975903614
8400	0.474047619048
8500	0.474823529412
8600	0.474302325581
8700	0.474137931034
8800	0.472840909091
8900	0.472584269663
9000	0.472222222222
9100	0.472747252747
9200	0.473695652174
9300	0.474193548387
9400	0.474361702128
9500	0.474315789474
9600	0.474791666667
9700	0.475567010309
9800	0.476020408163
9900	0.475555555556
10000	0.4756
11000	0.474454545455
12000	0.47475
13000	0.474846153846
14000	0.471857142857
15000	0.466866666667
16000	0.46075
17000	0.457294117647
18000	0.452888888889
19000	0.450210526316
20000	0.44665
21000	0.44380952381
22000	0.440772727273
23000	0.437434782609
24000	0.436333333333
25000	0.43404
26000	0.432
27000	0.431
28000	0.42875
29000	0.428034482759
30000	0.4268
31000	0.425225806452
32000	0.4235625
33000	0.421787878788
34000	0.4205
35000	0.418971428571
36000	0.417638888889
37000	0.416378378378
38000	0.415052631579
39000	0.413923076923
40000	0.413125
41000	0.412
42000	0.410642857143
43000	0.409069767442
44000	0.408386363636
45000	0.407755555556
46000	0.407
47000	0.406
48000	0.4054375
49000	0.404612244898
50000	0.40442
51000	0.403764705882
52000	0.404326923077
53000	0.403754716981
54000	0.403203703704
55000	0.402563636364
56000	0.401892857143
57000	0.401561403509
58000	0.401362068966
59000	0.400745762712
60000	0.4003
61000	0.399901639344
62000	0.399870967742
63000	0.399666666667
64000	0.399078125
65000	0.398630769231
66000	0.398257575758
67000	0.397955223881
68000	0.397661764706
69000	0.397927536232
70000	0.397528571429
71000	0.397408450704
72000	0.397180555556
73000	0.396616438356
74000	0.396391891892
75000	0.395813333333
76000	0.395052631579
77000	0.394974025974
78000	0.394538461538
79000	0.394025316456
80000	0.3938875
81000	0.39362962963
82000	0.394536585366
83000	0.395795180723
84000	0.396607142857
85000	0.397482352941
86000	0.398197674419
87000	0.398931034483
88000	0.3995
89000	0.400483146067
90000	0.401366666667
91000	0.401835164835
92000	0.402586956522
93000	0.403096774194
94000	0.404074468085
95000	0.404715789474
96000	0.405489583333
97000	0.406546391753
98000	0.407224489796
99000	0.408303030303
100000	0.40928
110000	0.417145454545
120000	0.422241666667
130000	0.427738461538
140000	0.432307142857
150000	0.435973333333
160000	0.4377375
170000	0.439794117647
180000	0.441966666667
190000	0.443563157895
200000	0.44519
