0	0
1	0.0
2	0.5
3	0.333333333333
4	0.5
5	0.4
6	0.5
7	0.571428571429
8	0.625
9	0.666666666667
10	0.7
11	0.636363636364
12	0.583333333333
13	0.538461538462
14	0.571428571429
15	0.533333333333
16	0.5625
17	0.588235294118
18	0.555555555556
19	0.526315789474
20	0.55
21	0.52380952381
22	0.5
23	0.521739130435
24	0.541666666667
25	0.52
26	0.5
27	0.481481481481
28	0.5
29	0.51724137931
30	0.5
31	0.516129032258
32	0.5
33	0.484848484848
34	0.5
35	0.485714285714
36	0.472222222222
37	0.459459459459
38	0.473684210526
39	0.461538461538
40	0.45
41	0.463414634146
42	0.47619047619
43	0.488372093023
44	0.5
45	0.511111111111
46	0.5
47	0.489361702128
48	0.5
49	0.489795918367
50	0.5
51	0.509803921569
52	0.5
53	0.490566037736
54	0.481481481481
55	0.490909090909
56	0.5
57	0.491228070175
58	0.5
59	0.508474576271
60	0.5
61	0.508196721311
62	0.516129032258
63	0.52380952381
64	0.53125
65	0.538461538462
66	0.530303030303
67	0.522388059701
68	0.529411764706
69	0.536231884058
70	0.542857142857
71	0.535211267606
72	0.527777777778
73	0.520547945205
74	0.513513513514
75	0.52
76	0.526315789474
77	0.532467532468
78	0.525641025641
79	0.53164556962
80	0.525
81	0.518518518519
82	0.512195121951
83	0.506024096386
84	0.511904761905
85	0.517647058824
86	0.523255813953
87	0.51724137931
88	0.522727272727
89	0.52808988764
90	0.522222222222
91	0.527472527473
92	0.532608695652
93	0.537634408602
94	0.531914893617
95	0.536842105263
96	0.541666666667
97	0.536082474227
98	0.540816326531
99	0.545454545455
100	0.54
110	0.527272727273
120	0.541666666667
130	0.538461538462
140	0.528571428571
150	0.52
160	0.5
170	0.494117647059
180	0.488888888889
190	0.484210526316
200	0.485
210	0.480952380952
220	0.481818181818
230	0.486956521739
240	0.4875
250	0.496
260	0.492307692308
270	0.485185185185
280	0.478571428571
290	0.489655172414
300	0.493333333333
310	0.493548387097
320	0.490625
330	0.484848484848
340	0.497058823529
350	0.505714285714
360	0.497222222222
370	0.5
380	0.505263157895
390	0.512820512821
400	0.5125
410	0.50243902439
420	0.502380952381
430	0.497674418605
440	0.493181818182
450	0.497777777778
460	0.495652173913
470	0.5
480	0.5
490	0.497959183673
500	0.5
510	0.5
520	0.496153846154
530	0.498113207547
540	0.501851851852
550	0.501818181818
560	0.503571428571
570	0.501754385965
580	0.5
590	0.5
600	0.501666666667
610	0.503278688525
620	0.503225806452
630	0.503174603175
640	0.5046875
650	0.509230769231
660	0.509090909091
670	0.510447761194
680	0.514705882353
690	0.511594202899
700	0.511428571429
710	0.511267605634
720	0.508333333333
730	0.506849315068
740	0.505405405405
750	0.504
760	0.503947368421
770	0.502597402597
780	0.503846153846
790	0.50253164557
800	0.5025
810	0.504938271605
820	0.50487804878
830	0.507228915663
840	0.510714285714
850	0.511764705882
860	0.509302325581
870	0.510344827586
880	0.510227272727
890	0.511235955056
900	0.506666666667
910	0.507692307692
920	0.505434782609
930	0.506451612903
940	0.504255319149
950	0.506315789474
960	0.50625
970	0.505154639175
980	0.505102040816
990	0.505050505051
1000	0.506
1100	0.504545454545
1200	0.5025
1300	0.504615384615
1400	0.500714285714
1500	0.498666666667
1600	0.49625
1700	0.498823529412
1800	0.505
1900	0.503684210526
2000	0.5045
2100	0.507619047619
2200	0.508636363636
2300	0.511304347826
2400	0.5125
2500	0.5112
2600	0.51
2700	0.510740740741
2800	0.51
2900	0.50724137931
3000	0.506
3100	0.505161290323
3200	0.505625
3300	0.504545454545
3400	0.503235294118
3500	0.504285714286
3600	0.504444444444
3700	0.504324324324
3800	0.503684210526
3900	0.503846153846
4000	0.50325
4100	0.503658536585
4200	0.504523809524
4300	0.503953488372
4400	0.502954545455
4500	0.503333333333
4600	0.503260869565
4700	0.503829787234
4800	0.503541666667
4900	0.504693877551
5000	0.506
5100	0.506470588235
5200	0.506538461538
5300	0.506037735849
5400	0.506851851852
5500	0.507454545455
5600	0.507321428571
5700	0.507543859649
5800	0.507413793103
5900	0.509322033898
6000	0.509833333333
6100	0.510655737705
6200	0.510967741935
6300	0.511428571429
6400	0.51140625
6500	0.510153846154
6600	0.511060606061
6700	0.51
6800	0.510294117647
6900	0.511014492754
7000	0.509714285714
7100	0.51
7200	0.510416666667
7300	0.511506849315
7400	0.511486486486
7500	0.511333333333
7600	0.510263157895
7700	0.50987012987
7800	0.510897435897
7900	0.511265822785
8000	0.510375
8100	0.51049382716
8200	0.511219512195
8300	0.510722891566
8400	0.510714285714
8500	0.510941176471
8600	0.511162790698
8700	0.511034482759
8800	0.510909090909
8900	0.510674157303
9000	0.510555555556
9100	0.50956043956
9200	0.509673913043
9300	0.509569892473
9400	0.50914893617
9500	0.509368421053
9600	0.510208333333
9700	0.509690721649
9800	0.509591836735
9900	0.510101010101
10000	0.5099
11000	0.510363636364
12000	0.51425
13000	0.518461538462
14000	0.517571428571
15000	0.516733333333
16000	0.51475
17000	0.514470588235
18000	0.513666666667
19000	0.514631578947
20000	0.51315
21000	0.512142857143
22000	0.510863636364
23000	0.51047826087
24000	0.510583333333
25000	0.5096
26000	0.508884615385
27000	0.507444444444
28000	0.505607142857
29000	0.504931034483
30000	0.5045
31000	0.504451612903
32000	0.50378125
33000	0.503757575758
34000	0.503529411765
35000	0.502771428571
36000	0.50225
37000	0.501783783784
38000	0.501973684211
39000	0.501820512821
40000	0.501375
41000	0.501048780488
42000	0.501142857143
43000	0.501186046512
44000	0.500795454545
45000	0.500044444444
46000	0.49997826087
47000	0.500127659574
48000	0.5004375
49000	0.499836734694
50000	0.49968
51000	0.499215686275
52000	0.499038461538
53000	0.498849056604
54000	0.498537037037
55000	0.499018181818
56000	0.499589285714
57000	0.499842105263
58000	0.499482758621
59000	0.499745762712
60000	0.5004
61000	0.500901639344
62000	0.500822580645
63000	0.501015873016
64000	0.50134375
65000	0.501630769231
66000	0.50153030303
67000	0.501865671642
68000	0.501941176471
69000	0.502260869565
70000	0.501842857143
71000	0.501985915493
72000	0.502291666667
73000	0.502767123288
74000	0.50272972973
75000	0.50268
76000	0.502947368421
77000	0.503142857143
78000	0.503615384615
79000	0.503784810127
80000	0.5043125
81000	0.504358024691
82000	0.504707317073
83000	0.505144578313
84000	0.505452380952
85000	0.505811764706
86000	0.505965116279
87000	0.506149425287
88000	0.506318181818
89000	0.506438202247
90000	0.506811111111
91000	0.507010989011
92000	0.506869565217
93000	0.507150537634
94000	0.507255319149
95000	0.507368421053
96000	0.507802083333
97000	0.50818556701
98000	0.5085
99000	0.508393939394
100000	0.50867
110000	0.510381818182
120000	0.510316666667
130000	0.510861538462
140000	0.5099
150000	0.508473333333
160000	0.50794375
170000	0.507076470588
180000	0.506244444444
190000	0.505336842105
200000	0.504555
