0	0
1	1.0
2	1.0
3	1.0
4	1.0
5	0.8
6	0.833333333333
7	0.857142857143
8	0.875
9	0.888888888889
10	0.8
11	0.727272727273
12	0.75
13	0.769230769231
14	0.785714285714
15	0.8
16	0.8125
17	0.823529411765
18	0.777777777778
19	0.736842105263
20	0.7
21	0.666666666667
22	0.681818181818
23	0.695652173913
24	0.666666666667
25	0.68
26	0.653846153846
27	0.666666666667
28	0.678571428571
29	0.689655172414
30	0.7
31	0.677419354839
32	0.6875
33	0.69696969697
34	0.705882352941
35	0.685714285714
36	0.666666666667
37	0.675675675676
38	0.684210526316
39	0.666666666667
40	0.65
41	0.658536585366
42	0.642857142857
43	0.627906976744
44	0.636363636364
45	0.644444444444
46	0.630434782609
47	0.617021276596
48	0.604166666667
49	0.612244897959
50	0.62
51	0.627450980392
52	0.615384615385
53	0.603773584906
54	0.611111111111
55	0.6
56	0.589285714286
57	0.578947368421
58	0.568965517241
59	0.576271186441
60	0.566666666667
61	0.55737704918
62	0.564516129032
63	0.571428571429
64	0.578125
65	0.584615384615
66	0.590909090909
67	0.597014925373
68	0.602941176471
69	0.608695652174
70	0.614285714286
71	0.605633802817
72	0.611111111111
73	0.602739726027
74	0.594594594595
75	0.586666666667
76	0.592105263158
77	0.584415584416
78	0.576923076923
79	0.569620253165
80	0.575
81	0.58024691358
82	0.585365853659
83	0.590361445783
84	0.595238095238
85	0.588235294118
86	0.593023255814
87	0.586206896552
88	0.579545454545
89	0.573033707865
90	0.566666666667
91	0.571428571429
92	0.576086956522
93	0.58064516129
94	0.574468085106
95	0.568421052632
96	0.5625
97	0.556701030928
98	0.551020408163
99	0.555555555556
100	0.56
110	0.563636363636
120	0.575
130	0.561538461538
140	0.564285714286
150	0.566666666667
160	0.5625
170	0.570588235294
180	0.572222222222
190	0.563157894737
200	0.55
210	0.547619047619
220	0.554545454545
230	0.547826086957
240	0.554166666667
250	0.556
260	0.553846153846
270	0.540740740741
280	0.542857142857
290	0.544827586207
300	0.54
310	0.535483870968
320	0.534375
330	0.539393939394
340	0.544117647059
350	0.542857142857
360	0.533333333333
370	0.537837837838
380	0.534210526316
390	0.530769230769
400	0.5325
410	0.531707317073
420	0.530952380952
430	0.53023255814
440	0.531818181818
450	0.533333333333
460	0.532608695652
470	0.523404255319
480	0.525
490	0.524489795918
500	0.522
510	0.519607843137
520	0.517307692308
530	0.515094339623
540	0.514814814815
550	0.512727272727
560	0.510714285714
570	0.50701754386
580	0.506896551724
590	0.503389830508
600	0.5
610	0.504918032787
620	0.506451612903
630	0.506349206349
640	0.509375
650	0.504615384615
660	0.504545454545
670	0.50447761194
680	0.502941176471
690	0.502898550725
700	0.498571428571
710	0.5
720	0.497222222222
730	0.495890410959
740	0.493243243243
750	0.496
760	0.497368421053
770	0.497402597403
780	0.498717948718
790	0.496202531646
800	0.495
810	0.493827160494
820	0.49512195122
830	0.496385542169
840	0.494047619048
850	0.496470588235
860	0.495348837209
870	0.491954022989
880	0.495454545455
890	0.496629213483
900	0.495555555556
910	0.494505494505
920	0.496739130435
930	0.496774193548
940	0.5
950	0.505263157895
960	0.505208333333
970	0.50618556701
980	0.505102040816
990	0.508080808081
1000	0.51
1100	0.502727272727
1200	0.5
1300	0.503846153846
1400	0.502142857143
1500	0.506666666667
1600	0.5025
1700	0.505294117647
1800	0.505555555556
1900	0.505789473684
2000	0.5105
2100	0.509047619048
2200	0.509090909091
2300	0.510434782609
2400	0.510416666667
2500	0.5084
2600	0.508461538462
2700	0.508888888889
2800	0.508571428571
2900	0.508275862069
3000	0.508333333333
3100	0.510322580645
3200	0.51125
3300	0.51303030303
3400	0.512352941176
3500	0.513428571429
3600	0.515
3700	0.514594594595
3800	0.516578947368
3900	0.516153846154
4000	0.518
4100	0.519512195122
4200	0.519047619048
4300	0.521395348837
4400	0.521363636364
4500	0.52
4600	0.521739130435
4700	0.521063829787
4800	0.519166666667
4900	0.521224489796
5000	0.5232
5100	0.524117647059
5200	0.525
5300	0.525094339623
5400	0.525185185185
5500	0.525090909091
5600	0.524464285714
5700	0.525263157895
5800	0.525172413793
5900	0.524237288136
6000	0.523333333333
6100	0.523114754098
6200	0.522580645161
6300	0.523174603175
6400	0.5246875
6500	0.525230769231
6600	0.526212121212
6700	0.524925373134
6800	0.524264705882
6900	0.524492753623
7000	0.525
7100	0.524929577465
7200	0.525555555556
7300	0.525753424658
7400	0.526351351351
7500	0.5272
7600	0.526973684211
7700	0.527272727273
7800	0.526153846154
7900	0.526329113924
8000	0.52675
8100	0.526790123457
8200	0.527804878049
8300	0.528674698795
8400	0.528928571429
8500	0.528941176471
8600	0.528488372093
8700	0.52908045977
8800	0.530227272727
8900	0.531011235955
9000	0.530777777778
9100	0.531318681319
9200	0.531956521739
9300	0.531827956989
9400	0.532127659574
9500	0.532842105263
9600	0.533645833333
9700	0.533917525773
9800	0.534183673469
9900	0.53404040404
10000	0.5342
11000	0.535181818182
12000	0.53825
13000	0.541615384615
14000	0.541428571429
15000	0.542666666667
16000	0.5459375
17000	0.549764705882
18000	0.553166666667
19000	0.554263157895
20000	0.5562
21000	0.557761904762
22000	0.560590909091
23000	0.562782608696
24000	0.564583333333
25000	0.56584
26000	0.565846153846
27000	0.566666666667
28000	0.568107142857
29000	0.569034482759
30000	0.5689
31000	0.568806451613
32000	0.56828125
33000	0.567939393939
34000	0.567735294118
35000	0.567457142857
36000	0.566416666667
37000	0.566351351351
38000	0.565684210526
39000	0.564487179487
40000	0.563125
41000	0.562585365854
42000	0.561261904762
43000	0.560441860465
44000	0.560090909091
45000	0.558933333333
46000	0.557826086957
47000	0.556872340426
48000	0.555895833333
49000	0.554612244898
50000	0.55384
51000	0.552960784314
52000	0.552519230769
53000	0.551698113208
54000	0.551
55000	0.550218181818
56000	0.549267857143
57000	0.548842105263
58000	0.548413793103
59000	0.548169491525
60000	0.547616666667
61000	0.547557377049
62000	0.546887096774
63000	0.546444444444
64000	0.546125
65000	0.545861538462
66000	0.545393939394
67000	0.54476119403
68000	0.544352941176
69000	0.544289855072
70000	0.544471428571
71000	0.544450704225
72000	0.544305555556
73000	0.543863013699
74000	0.543202702703
75000	0.542733333333
76000	0.542605263158
77000	0.542194805195
78000	0.541948717949
79000	0.541430379747
80000	0.5411125
81000	0.540925925926
82000	0.541097560976
83000	0.54086746988
84000	0.540785714286
85000	0.540823529412
86000	0.540465116279
87000	0.540459770115
88000	0.540272727273
89000	0.540213483146
90000	0.540388888889
91000	0.540296703297
92000	0.540315217391
93000	0.54035483871
94000	0.540478723404
95000	0.540336842105
96000	0.54040625
97000	0.540309278351
98000	0.540051020408
99000	0.54004040404
100000	0.54006
110000	0.539054545455
120000	0.538541666667
130000	0.538561538462
140000	0.538492857143
150000	0.53802
160000	0.5373
170000	0.536329411765
180000	0.536105555556
190000	0.535326315789
200000	0.535265
210000	0.535066666667
220000	0.534640909091
230000	0.534304347826
240000	0.533241666667
250000	0.531324
260000	0.529184615385
270000	0.527448148148
280000	0.5259
290000	0.5238
300000	0.522146666667
310000	0.520161290323
320000	0.51849375
330000	0.517063636364
340000	0.515479411765
350000	0.513662857143
360000	0.5118
370000	0.510543243243
380000	0.509171052632
390000	0.507841025641
400000	0.5067875
410000	0.505480487805
420000	0.504473809524
430000	0.503230232558
440000	0.502168181818
450000	0.501015555556
460000	0.500154347826
470000	0.498914893617
480000	0.497933333333
490000	0.497114285714
500000	0.496462
510000	0.495552941176
520000	0.494901923077
530000	0.49429245283
540000	0.49355
550000	0.492614545455
560000	0.492010714286
570000	0.491407017544
580000	0.490767241379
590000	0.490145762712
600000	0.489555
610000	0.488924590164
620000	0.488382258065
630000	0.487687301587
640000	0.487259375
650000	0.486798461538
660000	0.48646969697
670000	0.485985074627
680000	0.485511764706
690000	0.485037681159
700000	0.484621428571
710000	0.484170422535
720000	0.483765277778
730000	0.483463013699
740000	0.482954054054
750000	0.482572
760000	0.482031578947
770000	0.481633766234
780000	0.481266666667
790000	0.480813924051
800000	0.48039125
810000	0.480004938272
820000	0.479629268293
830000	0.479224096386
840000	0.478921428571
850000	0.478481176471
860000	0.478313953488
870000	0.477963218391
880000	0.47765
890000	0.477292134831
900000	0.477063333333
910000	0.476743956044
920000	0.476547826087
930000	0.476269892473
940000	0.475928723404
950000	0.475602105263
960000	0.475383333333
970000	0.47507628866
980000	0.474803061224
990000	0.474488888889
1000000	0.474334
