0	0
1	1.0
2	1.0
3	0.666666666667
4	0.75
5	0.6
6	0.666666666667
7	0.714285714286
8	0.75
9	0.777777777778
10	0.8
11	0.818181818182
12	0.75
13	0.769230769231
14	0.714285714286
15	0.733333333333
16	0.75
17	0.764705882353
18	0.777777777778
19	0.789473684211
20	0.75
21	0.714285714286
22	0.727272727273
23	0.739130434783
24	0.75
25	0.72
26	0.730769230769
27	0.703703703704
28	0.678571428571
29	0.689655172414
30	0.666666666667
31	0.677419354839
32	0.6875
33	0.69696969697
34	0.705882352941
35	0.685714285714
36	0.666666666667
37	0.648648648649
38	0.631578947368
39	0.641025641026
40	0.625
41	0.609756097561
42	0.595238095238
43	0.581395348837
44	0.590909090909
45	0.577777777778
46	0.565217391304
47	0.553191489362
48	0.5625
49	0.551020408163
50	0.54
51	0.549019607843
52	0.538461538462
53	0.547169811321
54	0.537037037037
55	0.527272727273
56	0.535714285714
57	0.526315789474
58	0.51724137931
59	0.525423728814
60	0.533333333333
61	0.540983606557
62	0.532258064516
63	0.539682539683
64	0.546875
65	0.538461538462
66	0.530303030303
67	0.537313432836
68	0.529411764706
69	0.521739130435
70	0.514285714286
71	0.521126760563
72	0.527777777778
73	0.534246575342
74	0.540540540541
75	0.546666666667
76	0.539473684211
77	0.532467532468
78	0.525641025641
79	0.518987341772
80	0.5125
81	0.506172839506
82	0.512195121951
83	0.506024096386
84	0.5
85	0.494117647059
86	0.5
87	0.505747126437
88	0.5
89	0.494382022472
90	0.488888888889
91	0.483516483516
92	0.489130434783
93	0.494623655914
94	0.489361702128
95	0.484210526316
96	0.479166666667
97	0.484536082474
98	0.489795918367
99	0.494949494949
100	0.49
110	0.509090909091
120	0.483333333333
130	0.484615384615
140	0.492857142857
150	0.506666666667
160	0.5125
170	0.517647058824
180	0.522222222222
190	0.505263157895
200	0.51
210	0.509523809524
220	0.504545454545
230	0.508695652174
240	0.508333333333
250	0.508
260	0.511538461538
270	0.514814814815
280	0.503571428571
290	0.506896551724
300	0.513333333333
310	0.512903225806
320	0.515625
330	0.515151515152
340	0.517647058824
350	0.52
360	0.519444444444
370	0.516216216216
380	0.515789473684
390	0.515384615385
400	0.5125
410	0.517073170732
420	0.52380952381
430	0.53023255814
440	0.527272727273
450	0.522222222222
460	0.519565217391
470	0.51914893617
480	0.516666666667
490	0.518367346939
500	0.518
510	0.51568627451
520	0.517307692308
530	0.520754716981
540	0.516666666667
550	0.521818181818
560	0.521428571429
570	0.519298245614
580	0.518965517241
590	0.518644067797
600	0.521666666667
610	0.518032786885
620	0.520967741935
630	0.520634920635
640	0.5234375
650	0.523076923077
660	0.521212121212
670	0.523880597015
680	0.526470588235
690	0.523188405797
700	0.522857142857
710	0.523943661972
720	0.522222222222
730	0.521917808219
740	0.521621621622
750	0.52
760	0.519736842105
770	0.522077922078
780	0.521794871795
790	0.518987341772
800	0.51875
810	0.517283950617
820	0.514634146341
830	0.515662650602
840	0.516666666667
850	0.516470588235
860	0.518604651163
870	0.51724137931
880	0.519318181818
890	0.51797752809
900	0.517777777778
910	0.515384615385
920	0.515217391304
930	0.516129032258
940	0.512765957447
950	0.514736842105
960	0.513541666667
970	0.514432989691
980	0.514285714286
990	0.515151515152
1000	0.514
1100	0.506363636364
1200	0.511666666667
1300	0.518461538462
1400	0.526428571429
1500	0.529333333333
1600	0.5275
1700	0.53
1800	0.532222222222
1900	0.533684210526
2000	0.531
2100	0.525714285714
2200	0.524545454545
2300	0.52347826087
2400	0.52375
2500	0.5264
2600	0.525769230769
2700	0.527777777778
2800	0.528928571429
2900	0.527931034483
3000	0.528666666667
3100	0.528064516129
3200	0.5290625
3300	0.529090909091
3400	0.531470588235
3500	0.534
3600	0.533611111111
3700	0.535135135135
3800	0.535789473684
3900	0.538205128205
4000	0.5375
4100	0.539756097561
4200	0.540952380952
4300	0.54
4400	0.541818181818
4500	0.542
4600	0.54347826087
4700	0.543191489362
4800	0.545625
4900	0.544285714286
5000	0.5454
5100	0.545490196078
5200	0.546538461538
5300	0.546226415094
5400	0.547407407407
5500	0.548
5600	0.5475
5700	0.548070175439
5800	0.54724137931
5900	0.546949152542
6000	0.546
6100	0.545901639344
6200	0.547419354839
6300	0.546666666667
6400	0.545
6500	0.544
6600	0.543484848485
6700	0.543582089552
6800	0.543235294118
6900	0.545072463768
7000	0.545142857143
7100	0.545915492958
7200	0.546666666667
7300	0.547945205479
7400	0.548513513514
7500	0.5492
7600	0.548684210526
7700	0.549220779221
7800	0.548846153846
7900	0.547974683544
8000	0.547625
8100	0.548765432099
8200	0.548902439024
8300	0.549518072289
8400	0.549523809524
8500	0.549058823529
8600	0.548720930233
8700	0.54908045977
8800	0.549659090909
8900	0.549775280899
9000	0.550333333333
9100	0.549340659341
9200	0.549782608696
9300	0.549032258065
9400	0.548510638298
9500	0.548210526316
9600	0.5484375
9700	0.549175257732
9800	0.549897959184
9900	0.549090909091
10000	0.5491
11000	0.552
12000	0.554083333333
13000	0.558769230769
14000	0.560285714286
15000	0.5614
16000	0.564
17000	0.564058823529
18000	0.565111111111
19000	0.566473684211
20000	0.56605
21000	0.566095238095
22000	0.566136363636
23000	0.566739130435
24000	0.566083333333
25000	0.56616
26000	0.566115384615
27000	0.565592592593
28000	0.565178571429
29000	0.56575862069
30000	0.566666666667
31000	0.567225806452
32000	0.56715625
33000	0.567212121212
34000	0.566382352941
35000	0.567085714286
36000	0.567333333333
37000	0.568297297297
38000	0.568631578947
39000	0.568282051282
40000	0.5686
41000	0.569463414634
42000	0.569142857143
43000	0.568465116279
44000	0.568409090909
45000	0.568311111111
46000	0.568369565217
47000	0.56885106383
48000	0.569666666667
49000	0.570204081633
50000	0.57086
51000	0.570705882353
52000	0.570576923077
53000	0.570660377358
54000	0.571055555556
55000	0.571654545455
56000	0.5715
57000	0.571789473684
58000	0.572137931034
59000	0.572711864407
60000	0.572566666667
61000	0.572967213115
62000	0.572483870968
63000	0.572238095238
64000	0.572265625
65000	0.572353846154
66000	0.571833333333
67000	0.570895522388
68000	0.570102941176
69000	0.569420289855
70000	0.568614285714
71000	0.568042253521
72000	0.567541666667
73000	0.567383561644
74000	0.566702702703
75000	0.565746666667
76000	0.565381578947
77000	0.564558441558
78000	0.564166666667
79000	0.563860759494
80000	0.56385
81000	0.563925925926
82000	0.56387804878
83000	0.563939759036
84000	0.5635
85000	0.563352941176
86000	0.563337209302
87000	0.563206896552
88000	0.563159090909
89000	0.562876404494
90000	0.562722222222
91000	0.56243956044
92000	0.562206521739
93000	0.561849462366
94000	0.561510638298
95000	0.5614
96000	0.561125
97000	0.561030927835
98000	0.560867346939
99000	0.560686868687
100000	0.56052
110000	0.557236363636
120000	0.554366666667
130000	0.5517
140000	0.549785714286
150000	0.547446666667
160000	0.54535625
170000	0.543723529412
180000	0.542394444444
190000	0.540942105263
200000	0.54005
