0	0
1	1.0
2	0.5
3	0.333333333333
4	0.5
5	0.4
6	0.5
7	0.571428571429
8	0.625
9	0.666666666667
10	0.6
11	0.545454545455
12	0.583333333333
13	0.615384615385
14	0.571428571429
15	0.6
16	0.5625
17	0.588235294118
18	0.555555555556
19	0.526315789474
20	0.55
21	0.571428571429
22	0.545454545455
23	0.565217391304
24	0.541666666667
25	0.56
26	0.538461538462
27	0.555555555556
28	0.571428571429
29	0.551724137931
30	0.566666666667
31	0.548387096774
32	0.5625
33	0.575757575758
34	0.558823529412
35	0.542857142857
36	0.555555555556
37	0.567567567568
38	0.552631578947
39	0.564102564103
40	0.575
41	0.560975609756
42	0.547619047619
43	0.53488372093
44	0.545454545455
45	0.533333333333
46	0.521739130435
47	0.510638297872
48	0.520833333333
49	0.510204081633
50	0.5
51	0.490196078431
52	0.480769230769
53	0.471698113208
54	0.481481481481
55	0.472727272727
56	0.464285714286
57	0.473684210526
58	0.465517241379
59	0.457627118644
60	0.45
61	0.459016393443
62	0.451612903226
63	0.460317460317
64	0.453125
65	0.446153846154
66	0.454545454545
67	0.462686567164
68	0.455882352941
69	0.449275362319
70	0.457142857143
71	0.450704225352
72	0.458333333333
73	0.452054794521
74	0.459459459459
75	0.466666666667
76	0.460526315789
77	0.467532467532
78	0.474358974359
79	0.46835443038
80	0.475
81	0.481481481481
82	0.475609756098
83	0.481927710843
84	0.488095238095
85	0.494117647059
86	0.488372093023
87	0.48275862069
88	0.477272727273
89	0.483146067416
90	0.488888888889
91	0.494505494505
92	0.5
93	0.505376344086
94	0.5
95	0.494736842105
96	0.5
97	0.505154639175
98	0.510204081633
99	0.515151515152
100	0.52
110	0.518181818182
120	0.525
130	0.538461538462
140	0.55
150	0.56
160	0.55
170	0.552941176471
180	0.544444444444
190	0.547368421053
200	0.54
210	0.542857142857
220	0.55
230	0.547826086957
240	0.5625
250	0.564
260	0.573076923077
270	0.57037037037
280	0.560714285714
290	0.568965517241
300	0.566666666667
310	0.567741935484
320	0.56875
330	0.572727272727
340	0.573529411765
350	0.574285714286
360	0.569444444444
370	0.567567567568
380	0.565789473684
390	0.566666666667
400	0.5675
410	0.565853658537
420	0.564285714286
430	0.567441860465
440	0.563636363636
450	0.56
460	0.552173913043
470	0.555319148936
480	0.554166666667
490	0.55306122449
500	0.556
510	0.556862745098
520	0.559615384615
530	0.556603773585
540	0.557407407407
550	0.558181818182
560	0.557142857143
570	0.554385964912
580	0.553448275862
590	0.550847457627
600	0.546666666667
610	0.547540983607
620	0.548387096774
630	0.546031746032
640	0.54375
650	0.546153846154
660	0.543939393939
670	0.54328358209
680	0.545588235294
690	0.544927536232
700	0.541428571429
710	0.542253521127
720	0.543055555556
730	0.542465753425
740	0.543243243243
750	0.542666666667
760	0.543421052632
770	0.545454545455
780	0.54358974359
790	0.544303797468
800	0.54125
810	0.53950617284
820	0.539024390244
830	0.539759036145
840	0.538095238095
850	0.538823529412
860	0.539534883721
870	0.537931034483
880	0.540909090909
890	0.542696629213
900	0.543333333333
910	0.543956043956
920	0.54347826087
930	0.545161290323
940	0.545744680851
950	0.543157894737
960	0.545833333333
970	0.546391752577
980	0.547959183673
990	0.550505050505
1000	0.551
1100	0.552727272727
1200	0.553333333333
1300	0.552307692308
1400	0.552142857143
1500	0.545333333333
1600	0.53875
1700	0.538235294118
1800	0.541666666667
1900	0.541052631579
2000	0.538
2100	0.535714285714
2200	0.534545454545
2300	0.53
2400	0.526666666667
2500	0.5232
2600	0.52
2700	0.515925925926
2800	0.518214285714
2900	0.517931034483
3000	0.516333333333
3100	0.515806451613
3200	0.5134375
3300	0.51
3400	0.509411764706
3500	0.508857142857
3600	0.506111111111
3700	0.505135135135
3800	0.504210526316
3900	0.504102564103
4000	0.502
4100	0.502926829268
4200	0.500952380952
4300	0.498604651163
4400	0.497045454545
4500	0.498
4600	0.496956521739
4700	0.497234042553
4800	0.4975
4900	0.49693877551
5000	0.4954
5100	0.495882352941
5200	0.494615384615
5300	0.492641509434
5400	0.492407407407
5500	0.491090909091
5600	0.49125
5700	0.490701754386
5800	0.488620689655
5900	0.487288135593
6000	0.487
6100	0.487213114754
6200	0.486774193548
6300	0.486031746032
6400	0.48453125
6500	0.485230769231
6600	0.485454545455
6700	0.484179104478
6800	0.483235294118
6900	0.483188405797
7000	0.482857142857
7100	0.481126760563
7200	0.481388888889
7300	0.48095890411
7400	0.47972972973
7500	0.4788
7600	0.478421052632
7700	0.477532467532
7800	0.477692307692
7900	0.477088607595
8000	0.47575
8100	0.474938271605
8200	0.47512195122
8300	0.473734939759
8400	0.472261904762
8500	0.472
8600	0.471511627907
8700	0.471954022989
8800	0.471931818182
8900	0.471797752809
9000	0.471
9100	0.47010989011
9200	0.470108695652
9300	0.470215053763
9400	0.469787234043
9500	0.470210526316
9600	0.469479166667
9700	0.468969072165
9800	0.468265306122
9900	0.467575757576
10000	0.4675
11000	0.464818181818
12000	0.4595
13000	0.455692307692
14000	0.453
15000	0.4504
16000	0.448875
17000	0.446941176471
18000	0.445
19000	0.443
20000	0.44195
21000	0.441
22000	0.439909090909
23000	0.439782608696
24000	0.439208333333
25000	0.43848
26000	0.438153846154
27000	0.436888888889
28000	0.435892857143
29000	0.435275862069
30000	0.434666666667
31000	0.434064516129
32000	0.43303125
33000	0.432848484848
34000	0.432735294118
35000	0.432657142857
36000	0.430972222222
37000	0.429513513514
38000	0.429210526316
39000	0.428128205128
40000	0.427175
41000	0.426170731707
42000	0.425642857143
43000	0.424790697674
44000	0.424636363636
45000	0.424022222222
46000	0.423239130435
47000	0.423340425532
48000	0.4225
49000	0.422265306122
50000	0.42186
51000	0.421431372549
52000	0.421057692308
53000	0.420377358491
54000	0.420351851852
55000	0.419963636364
56000	0.419803571429
57000	0.419385964912
58000	0.418982758621
59000	0.418474576271
60000	0.418183333333
61000	0.417754098361
62000	0.417338709677
63000	0.41673015873
64000	0.416046875
65000	0.415430769231
66000	0.415272727273
67000	0.415
68000	0.415088235294
69000	0.414434782609
70000	0.4141
71000	0.414
72000	0.4135
73000	0.413438356164
74000	0.413121621622
75000	0.412906666667
76000	0.412868421053
77000	0.412181818182
78000	0.41208974359
79000	0.411101265823
80000	0.4109375
81000	0.410679012346
82000	0.410451219512
83000	0.409975903614
84000	0.409583333333
85000	0.409235294118
86000	0.408848837209
87000	0.408367816092
88000	0.408204545455
89000	0.40806741573
90000	0.407711111111
91000	0.407450549451
92000	0.407152173913
93000	0.406860215054
94000	0.406808510638
95000	0.406557894737
96000	0.406375
97000	0.406030927835
98000	0.405663265306
99000	0.405323232323
100000	0.40474
110000	0.402090909091
120000	0.400116666667
130000	0.397046153846
140000	0.395607142857
150000	0.393313333333
160000	0.3920875
170000	0.390388235294
180000	0.388472222222
190000	0.386352631579
200000	0.38453
210000	0.382904761905
220000	0.381154545455
230000	0.379313043478
240000	0.3776875
250000	0.375844
260000	0.374192307692
270000	0.372622222222
280000	0.371357142857
290000	0.369993103448
300000	0.368723333333
310000	0.367812903226
320000	0.36669375
330000	0.365912121212
340000	0.364947058824
350000	0.363837142857
360000	0.362827777778
370000	0.362110810811
380000	0.361244736842
390000	0.360430769231
400000	0.359705
410000	0.358753658537
420000	0.358076190476
430000	0.357134883721
440000	0.356465909091
450000	0.355644444444
460000	0.354808695652
470000	0.354170212766
480000	0.35326875
490000	0.352520408163
500000	0.35188
510000	0.351356862745
520000	0.350761538462
530000	0.350256603774
540000	0.349696296296
550000	0.349094545455
560000	0.348469642857
570000	0.348114035088
580000	0.347434482759
590000	0.346961016949
600000	0.346325
610000	0.345883606557
620000	0.345364516129
630000	0.344768253968
640000	0.3442671875
650000	0.343681538462
660000	0.343237878788
670000	0.34272238806
680000	0.342392647059
690000	0.342076811594
700000	0.341708571429
710000	0.341107042254
720000	0.3407375
730000	0.340289041096
740000	0.339858108108
750000	0.339386666667
760000	0.338938157895
770000	0.338515584416
780000	0.338091025641
790000	0.337784810127
800000	0.3373625
810000	0.336974074074
820000	0.33657195122
830000	0.336172289157
840000	0.335933333333
850000	0.335587058824
860000	0.335295348837
870000	0.33495862069
880000	0.334629545455
890000	0.334279775281
900000	0.333985555556
910000	0.333754945055
920000	0.333491304348
930000	0.333111827957
940000	0.33270212766
950000	0.332443157895
960000	0.332135416667
970000	0.3318
980000	0.331485714286
990000	0.331121212121
1000000	0.330882
