0	0
1	1.0
2	0.5
3	0.333333333333
4	0.5
5	0.4
6	0.333333333333
7	0.428571428571
8	0.5
9	0.444444444444
10	0.4
11	0.363636363636
12	0.416666666667
13	0.461538461538
14	0.5
15	0.466666666667
16	0.5
17	0.529411764706
18	0.555555555556
19	0.578947368421
20	0.6
21	0.619047619048
22	0.636363636364
23	0.608695652174
24	0.583333333333
25	0.6
26	0.576923076923
27	0.555555555556
28	0.571428571429
29	0.586206896552
30	0.566666666667
31	0.548387096774
32	0.5625
33	0.545454545455
34	0.529411764706
35	0.542857142857
36	0.555555555556
37	0.567567567568
38	0.552631578947
39	0.538461538462
40	0.525
41	0.536585365854
42	0.547619047619
43	0.558139534884
44	0.545454545455
45	0.533333333333
46	0.521739130435
47	0.510638297872
48	0.520833333333
49	0.510204081633
50	0.5
51	0.490196078431
52	0.480769230769
53	0.490566037736
54	0.481481481481
55	0.490909090909
56	0.482142857143
57	0.491228070175
58	0.48275862069
59	0.474576271186
60	0.466666666667
61	0.459016393443
62	0.451612903226
63	0.444444444444
64	0.4375
65	0.446153846154
66	0.454545454545
67	0.462686567164
68	0.455882352941
69	0.449275362319
70	0.457142857143
71	0.450704225352
72	0.458333333333
73	0.452054794521
74	0.459459459459
75	0.466666666667
76	0.473684210526
77	0.480519480519
78	0.487179487179
79	0.493670886076
80	0.4875
81	0.493827160494
82	0.487804878049
83	0.481927710843
84	0.488095238095
85	0.494117647059
86	0.5
87	0.505747126437
88	0.511363636364
89	0.516853932584
90	0.511111111111
91	0.505494505495
92	0.5
93	0.505376344086
94	0.5
95	0.494736842105
96	0.5
97	0.494845360825
98	0.5
99	0.505050505051
100	0.5
110	0.490909090909
120	0.5
130	0.507692307692
140	0.507142857143
150	0.506666666667
160	0.51875
170	0.523529411765
180	0.511111111111
190	0.515789473684
200	0.51
210	0.52380952381
220	0.540909090909
230	0.534782608696
240	0.5375
250	0.536
260	0.542307692308
270	0.544444444444
280	0.55
290	0.555172413793
300	0.553333333333
310	0.558064516129
320	0.5625
330	0.566666666667
340	0.558823529412
350	0.548571428571
360	0.544444444444
370	0.545945945946
380	0.544736842105
390	0.54358974359
400	0.5375
410	0.531707317073
420	0.533333333333
430	0.53023255814
440	0.534090909091
450	0.528888888889
460	0.523913043478
470	0.521276595745
480	0.516666666667
490	0.518367346939
500	0.52
510	0.511764705882
520	0.505769230769
530	0.503773584906
540	0.503703703704
550	0.507272727273
560	0.503571428571
570	0.501754385965
580	0.5
590	0.498305084746
600	0.496666666667
610	0.495081967213
620	0.5
630	0.504761904762
640	0.503125
650	0.504615384615
660	0.504545454545
670	0.507462686567
680	0.504411764706
690	0.502898550725
700	0.501428571429
710	0.498591549296
720	0.498611111111
730	0.497260273973
740	0.497297297297
750	0.502666666667
760	0.503947368421
770	0.507792207792
780	0.507692307692
790	0.510126582278
800	0.51125
810	0.512345679012
820	0.513414634146
830	0.512048192771
840	0.514285714286
850	0.512941176471
860	0.513953488372
870	0.514942528736
880	0.5125
890	0.510112359551
900	0.511111111111
910	0.510989010989
920	0.513043478261
930	0.512903225806
940	0.51170212766
950	0.510526315789
960	0.510416666667
970	0.510309278351
980	0.509183673469
990	0.510101010101
1000	0.509
1100	0.508181818182
1200	0.506666666667
1300	0.503846153846
1400	0.507857142857
1500	0.510666666667
1600	0.514375
1700	0.518823529412
1800	0.522222222222
1900	0.523157894737
2000	0.5255
2100	0.52619047619
2200	0.529090909091
2300	0.530869565217
2400	0.527083333333
2500	0.526
2600	0.524230769231
2700	0.523703703704
2800	0.524285714286
2900	0.524827586207
3000	0.523666666667
3100	0.527096774194
3200	0.525
3300	0.529090909091
3400	0.530882352941
3500	0.531142857143
3600	0.529166666667
3700	0.527567567568
3800	0.527368421053
3900	0.52641025641
4000	0.52625
4100	0.525609756098
4200	0.527380952381
4300	0.525348837209
4400	0.525227272727
4500	0.527333333333
4600	0.527826086957
4700	0.528085106383
4800	0.530625
4900	0.530204081633
5000	0.5304
5100	0.53137254902
5200	0.532884615385
5300	0.53320754717
5400	0.534074074074
5500	0.533636363636
5600	0.533392857143
5700	0.53298245614
5800	0.534137931034
5900	0.534406779661
6000	0.535333333333
6100	0.535901639344
6200	0.536612903226
6300	0.536666666667
6400	0.53625
6500	0.537076923077
6600	0.535909090909
6700	0.535373134328
6800	0.536029411765
6900	0.537101449275
7000	0.537428571429
7100	0.537323943662
7200	0.537361111111
7300	0.538219178082
7400	0.538378378378
7500	0.5384
7600	0.537368421053
7700	0.538311688312
7800	0.537820512821
7900	0.537088607595
8000	0.536875
8100	0.537160493827
8200	0.537317073171
8300	0.537108433735
8400	0.537619047619
8500	0.536705882353
8600	0.536860465116
8700	0.536896551724
8800	0.537159090909
8900	0.537078651685
9000	0.536888888889
9100	0.536153846154
9200	0.535217391304
9300	0.536666666667
9400	0.53670212766
9500	0.536210526316
9600	0.535208333333
9700	0.535773195876
9800	0.536020408163
9900	0.535656565657
10000	0.5363
11000	0.537
12000	0.536583333333
13000	0.536615384615
14000	0.535857142857
15000	0.533866666667
16000	0.5353125
17000	0.535705882353
18000	0.534611111111
19000	0.533842105263
20000	0.53455
21000	0.533666666667
22000	0.532909090909
23000	0.532739130435
24000	0.533125
25000	0.5332
26000	0.533576923077
27000	0.533333333333
28000	0.534321428571
29000	0.534931034483
30000	0.534033333333
31000	0.534193548387
32000	0.53478125
33000	0.534545454545
34000	0.534852941176
35000	0.535142857143
36000	0.535638888889
37000	0.535810810811
38000	0.535263157895
39000	0.535564102564
40000	0.535175
41000	0.535195121951
42000	0.535428571429
43000	0.535976744186
44000	0.5355
45000	0.535511111111
46000	0.535434782609
47000	0.535468085106
48000	0.535479166667
49000	0.536
50000	0.53648
51000	0.536411764706
52000	0.536557692308
53000	0.536547169811
54000	0.53662962963
55000	0.537309090909
56000	0.537446428571
57000	0.537245614035
58000	0.536827586207
59000	0.536745762712
60000	0.535966666667
61000	0.536180327869
62000	0.536564516129
63000	0.537015873016
64000	0.537390625
65000	0.537738461538
66000	0.53796969697
67000	0.538149253731
68000	0.538
69000	0.538115942029
70000	0.538442857143
71000	0.538098591549
72000	0.538013888889
73000	0.537657534247
74000	0.537716216216
75000	0.537733333333
76000	0.537973684211
77000	0.538103896104
78000	0.538692307692
79000	0.53846835443
80000	0.5383125
81000	0.538283950617
82000	0.538207317073
83000	0.538204819277
84000	0.538119047619
85000	0.538341176471
86000	0.538372093023
87000	0.538494252874
88000	0.538431818182
89000	0.538415730337
90000	0.538366666667
91000	0.538681318681
92000	0.538576086957
93000	0.53835483871
94000	0.538255319149
95000	0.538273684211
96000	0.538510416667
97000	0.538608247423
98000	0.538581632653
99000	0.538464646465
100000	0.53834
110000	0.536854545455
120000	0.535316666667
130000	0.533623076923
140000	0.531835714286
150000	0.530246666667
160000	0.5283625
170000	0.525882352941
180000	0.523483333333
190000	0.5209
200000	0.51897
