0	0
1	1.0
2	0.5
3	0.666666666667
4	0.75
5	0.6
6	0.666666666667
7	0.714285714286
8	0.75
9	0.666666666667
10	0.7
11	0.636363636364
12	0.666666666667
13	0.615384615385
14	0.642857142857
15	0.6
16	0.625
17	0.647058823529
18	0.611111111111
19	0.631578947368
20	0.65
21	0.619047619048
22	0.636363636364
23	0.652173913043
24	0.666666666667
25	0.68
26	0.653846153846
27	0.62962962963
28	0.642857142857
29	0.655172413793
30	0.666666666667
31	0.645161290323
32	0.625
33	0.636363636364
34	0.617647058824
35	0.6
36	0.583333333333
37	0.594594594595
38	0.605263157895
39	0.589743589744
40	0.575
41	0.560975609756
42	0.547619047619
43	0.53488372093
44	0.545454545455
45	0.533333333333
46	0.521739130435
47	0.510638297872
48	0.5
49	0.510204081633
50	0.5
51	0.490196078431
52	0.480769230769
53	0.490566037736
54	0.481481481481
55	0.490909090909
56	0.5
57	0.508771929825
58	0.51724137931
59	0.525423728814
60	0.516666666667
61	0.508196721311
62	0.516129032258
63	0.507936507937
64	0.515625
65	0.507692307692
66	0.515151515152
67	0.522388059701
68	0.514705882353
69	0.521739130435
70	0.514285714286
71	0.521126760563
72	0.513888888889
73	0.506849315068
74	0.513513513514
75	0.506666666667
76	0.513157894737
77	0.506493506494
78	0.5
79	0.506329113924
80	0.5
81	0.493827160494
82	0.487804878049
83	0.481927710843
84	0.488095238095
85	0.494117647059
86	0.5
87	0.494252873563
88	0.5
89	0.505617977528
90	0.5
91	0.505494505495
92	0.510869565217
93	0.516129032258
94	0.510638297872
95	0.515789473684
96	0.520833333333
97	0.525773195876
98	0.530612244898
99	0.525252525253
100	0.52
110	0.536363636364
120	0.55
130	0.530769230769
140	0.535714285714
150	0.533333333333
160	0.53125
170	0.541176470588
180	0.544444444444
190	0.542105263158
200	0.55
210	0.538095238095
220	0.55
230	0.552173913043
240	0.55
250	0.564
260	0.557692307692
270	0.562962962963
280	0.564285714286
290	0.565517241379
300	0.566666666667
310	0.570967741935
320	0.56875
330	0.566666666667
340	0.564705882353
350	0.568571428571
360	0.569444444444
370	0.564864864865
380	0.565789473684
390	0.569230769231
400	0.565
410	0.563414634146
420	0.561904761905
430	0.560465116279
440	0.561363636364
450	0.56
460	0.560869565217
470	0.559574468085
480	0.560416666667
490	0.561224489796
500	0.56
510	0.558823529412
520	0.555769230769
530	0.558490566038
540	0.557407407407
550	0.552727272727
560	0.551785714286
570	0.554385964912
580	0.553448275862
590	0.554237288136
600	0.551666666667
610	0.549180327869
620	0.553225806452
630	0.549206349206
640	0.5515625
650	0.546153846154
660	0.548484848485
670	0.546268656716
680	0.545588235294
690	0.54347826087
700	0.545714285714
710	0.545070422535
720	0.541666666667
730	0.542465753425
740	0.540540540541
750	0.542666666667
760	0.540789473684
770	0.538961038961
780	0.538461538462
790	0.535443037975
800	0.535
810	0.537037037037
820	0.541463414634
830	0.542168674699
840	0.545238095238
850	0.545882352941
860	0.546511627907
870	0.548275862069
880	0.546590909091
890	0.547191011236
900	0.547777777778
910	0.546153846154
920	0.545652173913
930	0.545161290323
940	0.545744680851
950	0.544210526316
960	0.544791666667
970	0.544329896907
980	0.547959183673
990	0.550505050505
1000	0.549
1100	0.548181818182
1200	0.541666666667
1300	0.540769230769
1400	0.54
1500	0.534666666667
1600	0.535
1700	0.537058823529
1800	0.536111111111
1900	0.535263157895
2000	0.5325
2100	0.531904761905
2200	0.532272727273
2300	0.53
2400	0.530833333333
2500	0.526
2600	0.529230769231
2700	0.52962962963
2800	0.528928571429
2900	0.528275862069
3000	0.529333333333
3100	0.527096774194
3200	0.5259375
3300	0.523939393939
3400	0.523823529412
3500	0.521714285714
3600	0.520555555556
3700	0.51972972973
3800	0.517368421053
3900	0.515384615385
4000	0.51075
4100	0.509024390244
4200	0.508571428571
4300	0.507674418605
4400	0.505
4500	0.503111111111
4600	0.502391304348
4700	0.5
4800	0.496875
4900	0.496734693878
5000	0.4956
5100	0.494705882353
5200	0.4925
5300	0.490566037736
5400	0.488333333333
5500	0.486363636364
5600	0.485714285714
5700	0.484912280702
5800	0.48275862069
5900	0.481186440678
6000	0.482833333333
6100	0.482459016393
6200	0.482258064516
6300	0.481587301587
6400	0.48109375
6500	0.480307692308
6600	0.478787878788
6700	0.478656716418
6800	0.477941176471
6900	0.477391304348
7000	0.476142857143
7100	0.474929577465
7200	0.475416666667
7300	0.47602739726
7400	0.476216216216
7500	0.475733333333
7600	0.475
7700	0.474285714286
7800	0.474615384615
7900	0.47417721519
8000	0.47375
8100	0.474197530864
8200	0.474268292683
8300	0.473855421687
8400	0.473095238095
8500	0.472470588235
8600	0.472325581395
8700	0.471609195402
8800	0.471136363636
8900	0.470112359551
9000	0.469555555556
9100	0.468681318681
9200	0.467826086957
9300	0.46688172043
9400	0.46670212766
9500	0.466
9600	0.465625
9700	0.465979381443
9800	0.465612244898
9900	0.465757575758
10000	0.4657
11000	0.463
12000	0.461833333333
13000	0.46
14000	0.455428571429
15000	0.454
16000	0.4499375
17000	0.449117647059
18000	0.446944444444
19000	0.445052631579
20000	0.4431
21000	0.443285714286
22000	0.441681818182
23000	0.440043478261
24000	0.438166666667
25000	0.4362
26000	0.435
27000	0.43337037037
28000	0.433357142857
29000	0.432275862069
30000	0.431766666667
31000	0.432129032258
32000	0.431375
33000	0.430848484848
34000	0.430323529412
35000	0.429771428571
36000	0.429805555556
37000	0.429432432432
38000	0.428078947368
39000	0.427307692308
40000	0.42655
41000	0.425463414634
42000	0.42519047619
43000	0.424744186047
44000	0.424295454545
45000	0.423888888889
46000	0.423391304348
47000	0.423085106383
48000	0.4231875
49000	0.422755102041
50000	0.4221
51000	0.421509803922
52000	0.421269230769
53000	0.420886792453
54000	0.4205
55000	0.420345454545
56000	0.420339285714
57000	0.419824561404
58000	0.418913793103
59000	0.418576271186
60000	0.418233333333
61000	0.417573770492
62000	0.416887096774
63000	0.416682539683
64000	0.415984375
65000	0.4152
66000	0.414954545455
67000	0.414223880597
68000	0.413882352941
69000	0.41315942029
70000	0.412771428571
71000	0.412112676056
72000	0.412013888889
73000	0.411671232877
74000	0.411189189189
75000	0.411266666667
76000	0.411236842105
77000	0.410974025974
78000	0.410358974359
79000	0.409759493671
80000	0.4092625
81000	0.409024691358
82000	0.408353658537
83000	0.407759036145
84000	0.407333333333
85000	0.407235294118
86000	0.407034883721
87000	0.406908045977
88000	0.406545454545
89000	0.406438202247
90000	0.406277777778
91000	0.405835164835
92000	0.405489130435
93000	0.405505376344
94000	0.405117021277
95000	0.404673684211
96000	0.404270833333
97000	0.403948453608
98000	0.403540816327
99000	0.403212121212
100000	0.40285
110000	0.401045454545
120000	0.398191666667
130000	0.396630769231
140000	0.395207142857
150000	0.39336
160000	0.39134375
170000	0.389511764706
180000	0.387888888889
190000	0.386210526316
200000	0.38459
210000	0.383371428571
220000	0.382054545455
230000	0.380760869565
240000	0.379354166667
250000	0.378088
260000	0.376323076923
270000	0.375114814815
280000	0.373828571429
290000	0.372562068966
300000	0.371583333333
310000	0.370380645161
320000	0.369384375
330000	0.368436363636
340000	0.367367647059
350000	0.366465714286
360000	0.365355555556
370000	0.36462972973
380000	0.363715789474
390000	0.362582051282
400000	0.3616525
410000	0.360968292683
420000	0.3601
430000	0.359334883721
440000	0.358613636364
450000	0.3579
460000	0.357184782609
470000	0.356378723404
480000	0.355558333333
490000	0.354773469388
500000	0.354094
510000	0.353343137255
520000	0.352669230769
530000	0.352
540000	0.351337037037
550000	0.350712727273
560000	0.350191071429
570000	0.349552631579
580000	0.348813793103
590000	0.348327118644
600000	0.347713333333
610000	0.347142622951
620000	0.34665483871
630000	0.346014285714
640000	0.3455171875
650000	0.345076923077
660000	0.344603030303
670000	0.344185074627
680000	0.343691176471
690000	0.343310144928
700000	0.342864285714
710000	0.342477464789
720000	0.342002777778
730000	0.341539726027
740000	0.341104054054
750000	0.340738666667
760000	0.340260526316
770000	0.339841558442
780000	0.339525641026
790000	0.339139240506
800000	0.3387525
810000	0.338218518519
820000	0.33783902439
830000	0.337377108434
840000	0.336969047619
850000	0.336594117647
860000	0.336140697674
870000	0.335727586207
880000	0.335473863636
890000	0.335092134831
900000	0.334878888889
910000	0.334541758242
920000	0.334139130435
930000	0.333787096774
940000	0.333457446809
950000	0.333112631579
960000	0.332859375
970000	0.332613402062
980000	0.332206122449
990000	0.331924242424
1000000	0.331679
