0	0
1	0.0
2	0.0
3	0.333333333333
4	0.25
5	0.4
6	0.5
7	0.428571428571
8	0.375
9	0.444444444444
10	0.5
11	0.545454545455
12	0.583333333333
13	0.615384615385
14	0.642857142857
15	0.666666666667
16	0.6875
17	0.647058823529
18	0.666666666667
19	0.631578947368
20	0.65
21	0.619047619048
22	0.636363636364
23	0.608695652174
24	0.625
25	0.64
26	0.615384615385
27	0.62962962963
28	0.642857142857
29	0.655172413793
30	0.666666666667
31	0.645161290323
32	0.65625
33	0.636363636364
34	0.647058823529
35	0.657142857143
36	0.666666666667
37	0.648648648649
38	0.657894736842
39	0.641025641026
40	0.65
41	0.658536585366
42	0.666666666667
43	0.674418604651
44	0.681818181818
45	0.666666666667
46	0.673913043478
47	0.659574468085
48	0.645833333333
49	0.632653061224
50	0.64
51	0.647058823529
52	0.653846153846
53	0.641509433962
54	0.62962962963
55	0.636363636364
56	0.642857142857
57	0.649122807018
58	0.637931034483
59	0.64406779661
60	0.633333333333
61	0.639344262295
62	0.629032258065
63	0.634920634921
64	0.640625
65	0.646153846154
66	0.651515151515
67	0.641791044776
68	0.647058823529
69	0.63768115942
70	0.642857142857
71	0.633802816901
72	0.638888888889
73	0.643835616438
74	0.635135135135
75	0.64
76	0.631578947368
77	0.623376623377
78	0.615384615385
79	0.620253164557
80	0.625
81	0.617283950617
82	0.621951219512
83	0.626506024096
84	0.619047619048
85	0.611764705882
86	0.604651162791
87	0.597701149425
88	0.590909090909
89	0.584269662921
90	0.577777777778
91	0.582417582418
92	0.576086956522
93	0.569892473118
94	0.574468085106
95	0.578947368421
96	0.583333333333
97	0.587628865979
98	0.581632653061
99	0.575757575758
100	0.58
110	0.572727272727
120	0.566666666667
130	0.569230769231
140	0.564285714286
150	0.566666666667
160	0.55625
170	0.541176470588
180	0.538888888889
190	0.531578947368
200	0.535
210	0.533333333333
220	0.518181818182
230	0.513043478261
240	0.504166666667
250	0.508
260	0.511538461538
270	0.511111111111
280	0.514285714286
290	0.520689655172
300	0.523333333333
310	0.529032258065
320	0.528125
330	0.533333333333
340	0.523529411765
350	0.528571428571
360	0.533333333333
370	0.52972972973
380	0.526315789474
390	0.523076923077
400	0.53
410	0.529268292683
420	0.533333333333
430	0.532558139535
440	0.534090909091
450	0.531111111111
460	0.530434782609
470	0.527659574468
480	0.527083333333
490	0.530612244898
500	0.53
510	0.529411764706
520	0.530769230769
530	0.528301886792
540	0.525925925926
550	0.52
560	0.519642857143
570	0.515789473684
580	0.51724137931
590	0.516949152542
600	0.521666666667
610	0.518032786885
620	0.51935483871
630	0.51746031746
640	0.5109375
650	0.512307692308
660	0.516666666667
670	0.516417910448
680	0.519117647059
690	0.51884057971
700	0.518571428571
710	0.523943661972
720	0.523611111111
730	0.527397260274
740	0.525675675676
750	0.525333333333
760	0.523684210526
770	0.523376623377
780	0.525641025641
790	0.527848101266
800	0.53
810	0.527160493827
820	0.528048780488
830	0.528915662651
840	0.529761904762
850	0.531764705882
860	0.531395348837
870	0.531034482759
880	0.531818181818
890	0.532584269663
900	0.533333333333
910	0.530769230769
920	0.530434782609
930	0.530107526882
940	0.529787234043
950	0.530526315789
960	0.530208333333
970	0.527835051546
980	0.529591836735
990	0.529292929293
1000	0.529
1100	0.537272727273
1200	0.535833333333
1300	0.535384615385
1400	0.535714285714
1500	0.54
1600	0.538125
1700	0.538235294118
1800	0.538333333333
1900	0.539473684211
2000	0.537
2100	0.535238095238
2200	0.535454545455
2300	0.537826086957
2400	0.53625
2500	0.5336
2600	0.533076923077
2700	0.532592592593
2800	0.533214285714
2900	0.530689655172
3000	0.528666666667
3100	0.528709677419
3200	0.528125
3300	0.526666666667
3400	0.527058823529
3500	0.526285714286
3600	0.525277777778
3700	0.525945945946
3800	0.523684210526
3900	0.522820512821
4000	0.52225
4100	0.524390243902
4200	0.521428571429
4300	0.521860465116
4400	0.521363636364
4500	0.519777777778
4600	0.518695652174
4700	0.517872340426
4800	0.516875
4900	0.516734693878
5000	0.5168
5100	0.516470588235
5200	0.516923076923
5300	0.515283018868
5400	0.515
5500	0.515454545455
5600	0.515178571429
5700	0.514210526316
5800	0.513620689655
5900	0.513389830508
6000	0.511166666667
6100	0.510819672131
6200	0.511451612903
6300	0.510634920635
6400	0.51
6500	0.509692307692
6600	0.508333333333
6700	0.509552238806
6800	0.508529411765
6900	0.507246376812
7000	0.506571428571
7100	0.506338028169
7200	0.506944444444
7300	0.50698630137
7400	0.507297297297
7500	0.507066666667
7600	0.506184210526
7700	0.506103896104
7800	0.506282051282
7900	0.505063291139
8000	0.50425
8100	0.503209876543
8200	0.50256097561
8300	0.502048192771
8400	0.502261904762
8500	0.502588235294
8600	0.501976744186
8700	0.501494252874
8800	0.501704545455
8900	0.500224719101
9000	0.499777777778
9100	0.50021978022
9200	0.499782608696
9300	0.499462365591
9400	0.499574468085
9500	0.499684210526
9600	0.4990625
9700	0.499175257732
9800	0.498265306122
9900	0.497272727273
10000	0.4969
11000	0.492090909091
12000	0.48675
13000	0.484769230769
14000	0.482785714286
15000	0.480933333333
16000	0.4796875
17000	0.479117647059
18000	0.476888888889
19000	0.476526315789
20000	0.4763
21000	0.474857142857
22000	0.473954545455
23000	0.472695652174
24000	0.472291666667
25000	0.47208
26000	0.471192307692
27000	0.470444444444
28000	0.470321428571
29000	0.469896551724
30000	0.470066666667
31000	0.470193548387
32000	0.46953125
33000	0.469393939394
34000	0.468735294118
35000	0.468771428571
36000	0.467972222222
37000	0.467648648649
38000	0.467263157895
39000	0.466717948718
40000	0.46675
41000	0.466243902439
42000	0.46580952381
43000	0.465348837209
44000	0.465068181818
45000	0.464711111111
46000	0.464630434783
47000	0.464723404255
48000	0.464020833333
49000	0.46406122449
50000	0.46378
51000	0.463960784314
52000	0.463769230769
53000	0.463264150943
54000	0.463055555556
55000	0.462436363636
56000	0.462803571429
57000	0.462210526316
58000	0.4625
59000	0.461355932203
60000	0.461366666667
61000	0.461163934426
62000	0.460419354839
63000	0.460126984127
64000	0.46021875
65000	0.460507692308
66000	0.460106060606
67000	0.459791044776
68000	0.459441176471
69000	0.459043478261
70000	0.458728571429
71000	0.458478873239
72000	0.458541666667
73000	0.458589041096
74000	0.458418918919
75000	0.458146666667
76000	0.458078947368
77000	0.457558441558
78000	0.457666666667
79000	0.457303797468
80000	0.45745
81000	0.457481481481
82000	0.457317073171
83000	0.457168674699
84000	0.456880952381
85000	0.456670588235
86000	0.456709302326
87000	0.456436781609
88000	0.45625
89000	0.455988764045
90000	0.455511111111
91000	0.455054945055
92000	0.454793478261
93000	0.454387096774
94000	0.454223404255
95000	0.4538
96000	0.453697916667
97000	0.453484536082
98000	0.453224489796
99000	0.453272727273
100000	0.45327
110000	0.451818181818
120000	0.449775
130000	0.447646153846
140000	0.446235714286
150000	0.44426
160000	0.44230625
170000	0.4393
180000	0.436627777778
190000	0.434210526316
200000	0.43197
