0	0
1	0.0
2	0.0
3	0.333333333333
4	0.25
5	0.2
6	0.333333333333
7	0.428571428571
8	0.375
9	0.444444444444
10	0.5
11	0.454545454545
12	0.416666666667
13	0.461538461538
14	0.428571428571
15	0.466666666667
16	0.4375
17	0.411764705882
18	0.388888888889
19	0.368421052632
20	0.35
21	0.380952380952
22	0.363636363636
23	0.347826086957
24	0.375
25	0.36
26	0.346153846154
27	0.333333333333
28	0.321428571429
29	0.310344827586
30	0.3
31	0.290322580645
32	0.28125
33	0.30303030303
34	0.294117647059
35	0.285714285714
36	0.277777777778
37	0.297297297297
38	0.315789473684
39	0.307692307692
40	0.3
41	0.317073170732
42	0.309523809524
43	0.302325581395
44	0.318181818182
45	0.311111111111
46	0.304347826087
47	0.297872340426
48	0.291666666667
49	0.285714285714
50	0.28
51	0.294117647059
52	0.288461538462
53	0.301886792453
54	0.296296296296
55	0.309090909091
56	0.303571428571
57	0.315789473684
58	0.310344827586
59	0.322033898305
60	0.333333333333
61	0.327868852459
62	0.322580645161
63	0.333333333333
64	0.34375
65	0.338461538462
66	0.333333333333
67	0.328358208955
68	0.338235294118
69	0.347826086957
70	0.342857142857
71	0.352112676056
72	0.347222222222
73	0.342465753425
74	0.351351351351
75	0.36
76	0.368421052632
77	0.363636363636
78	0.371794871795
79	0.367088607595
80	0.3625
81	0.358024691358
82	0.353658536585
83	0.361445783133
84	0.357142857143
85	0.364705882353
86	0.372093023256
87	0.367816091954
88	0.363636363636
89	0.370786516854
90	0.366666666667
91	0.373626373626
92	0.380434782609
93	0.376344086022
94	0.372340425532
95	0.378947368421
96	0.375
97	0.371134020619
98	0.377551020408
99	0.383838383838
100	0.38
110	0.4
120	0.408333333333
130	0.415384615385
140	0.421428571429
150	0.413333333333
160	0.41875
170	0.441176470588
180	0.455555555556
190	0.457894736842
200	0.475
210	0.471428571429
220	0.486363636364
230	0.486956521739
240	0.475
250	0.488
260	0.484615384615
270	0.474074074074
280	0.478571428571
290	0.479310344828
300	0.476666666667
310	0.48064516129
320	0.478125
330	0.475757575758
340	0.476470588235
350	0.482857142857
360	0.483333333333
370	0.483783783784
380	0.484210526316
390	0.474358974359
400	0.47
410	0.470731707317
420	0.478571428571
430	0.481395348837
440	0.490909090909
450	0.495555555556
460	0.502173913043
470	0.502127659574
480	0.50625
490	0.50612244898
500	0.504
510	0.501960784314
520	0.501923076923
530	0.503773584906
540	0.505555555556
550	0.505454545455
560	0.505357142857
570	0.510526315789
580	0.512068965517
590	0.506779661017
600	0.51
610	0.514754098361
620	0.520967741935
630	0.522222222222
640	0.5203125
650	0.516923076923
660	0.516666666667
670	0.516417910448
680	0.516176470588
690	0.517391304348
700	0.518571428571
710	0.518309859155
720	0.519444444444
730	0.516438356164
740	0.517567567568
750	0.517333333333
760	0.519736842105
770	0.519480519481
780	0.516666666667
790	0.517721518987
800	0.5175
810	0.522222222222
820	0.519512195122
830	0.518072289157
840	0.517857142857
850	0.518823529412
860	0.518604651163
870	0.519540229885
880	0.519318181818
890	0.515730337079
900	0.514444444444
910	0.515384615385
920	0.515217391304
930	0.517204301075
940	0.515957446809
950	0.515789473684
960	0.515625
970	0.515463917526
980	0.517346938776
990	0.518181818182
1000	0.517
1100	0.517272727273
1200	0.521666666667
1300	0.523076923077
1400	0.525
1500	0.524666666667
1600	0.529375
1700	0.524705882353
1800	0.525
1900	0.523684210526
2000	0.522
2100	0.519523809524
2200	0.518636363636
2300	0.516956521739
2400	0.5175
2500	0.5192
2600	0.520384615385
2700	0.518888888889
2800	0.514285714286
2900	0.514827586207
3000	0.515
3100	0.513870967742
3200	0.5128125
3300	0.508181818182
3400	0.508235294118
3500	0.508571428571
3600	0.507222222222
3700	0.507297297297
3800	0.505263157895
3900	0.504358974359
4000	0.50375
4100	0.503170731707
4200	0.501904761905
4300	0.502093023256
4400	0.498409090909
4500	0.500222222222
4600	0.499565217391
4700	0.498510638298
4800	0.497291666667
4900	0.497551020408
5000	0.4968
5100	0.496862745098
5200	0.495769230769
5300	0.495660377358
5400	0.493888888889
5500	0.493454545455
5600	0.492678571429
5700	0.491754385965
5800	0.489137931034
5900	0.488813559322
6000	0.488666666667
6100	0.488360655738
6200	0.488387096774
6300	0.487301587302
6400	0.486875
6500	0.485846153846
6600	0.486212121212
6700	0.485970149254
6800	0.485882352941
6900	0.485797101449
7000	0.484
7100	0.483661971831
7200	0.482222222222
7300	0.481917808219
7400	0.481351351351
7500	0.480666666667
7600	0.481184210526
7700	0.480649350649
7800	0.480128205128
7900	0.479113924051
8000	0.479
8100	0.478148148148
8200	0.476951219512
8300	0.476024096386
8400	0.475476190476
8500	0.474823529412
8600	0.474534883721
8700	0.473448275862
8800	0.472386363636
8900	0.472134831461
9000	0.470666666667
9100	0.46956043956
9200	0.468804347826
9300	0.469032258065
9400	0.467978723404
9500	0.467473684211
9600	0.466666666667
9700	0.466907216495
9800	0.467346938776
9900	0.46696969697
10000	0.4672
11000	0.463181818182
12000	0.461583333333
13000	0.459538461538
14000	0.456928571429
15000	0.4554
16000	0.4526875
17000	0.453764705882
18000	0.4515
19000	0.45
20000	0.4487
21000	0.446523809524
22000	0.445590909091
23000	0.445695652174
24000	0.443958333333
25000	0.44376
26000	0.442076923077
27000	0.441259259259
28000	0.440607142857
29000	0.440551724138
30000	0.439033333333
31000	0.438806451613
32000	0.438125
33000	0.437636363636
34000	0.436529411765
35000	0.435742857143
36000	0.435638888889
37000	0.434972972973
38000	0.434394736842
39000	0.433512820513
40000	0.4326
41000	0.432243902439
42000	0.431976190476
43000	0.43176744186
44000	0.430522727273
45000	0.429511111111
46000	0.428630434783
47000	0.428425531915
48000	0.4275
49000	0.426959183673
50000	0.42632
51000	0.426019607843
52000	0.425596153846
53000	0.425132075472
54000	0.4245
55000	0.424563636364
56000	0.42375
57000	0.423175438596
58000	0.422586206897
59000	0.421779661017
60000	0.421616666667
61000	0.420836065574
62000	0.419983870968
63000	0.419777777778
64000	0.419515625
65000	0.418953846154
66000	0.418712121212
67000	0.41828358209
68000	0.417632352941
69000	0.41768115942
70000	0.4175
71000	0.417521126761
72000	0.416902777778
73000	0.416356164384
74000	0.415945945946
75000	0.41552
76000	0.415184210526
77000	0.414831168831
78000	0.4145
79000	0.41417721519
80000	0.4136125
81000	0.413555555556
82000	0.41306097561
83000	0.41265060241
84000	0.412630952381
85000	0.412482352941
86000	0.412046511628
87000	0.411620689655
88000	0.411284090909
89000	0.41108988764
90000	0.410666666667
91000	0.410263736264
92000	0.409967391304
93000	0.409677419355
94000	0.409446808511
95000	0.409021052632
96000	0.408979166667
97000	0.408670103093
98000	0.408469387755
99000	0.408141414141
100000	0.40793
110000	0.405981818182
120000	0.403783333333
130000	0.401838461538
140000	0.399585714286
150000	0.397186666667
160000	0.39439375
170000	0.3922
180000	0.389961111111
190000	0.387889473684
200000	0.385645
210000	0.383519047619
220000	0.381390909091
230000	0.380052173913
240000	0.378525
250000	0.377236
260000	0.375703846154
270000	0.37427037037
280000	0.372857142857
290000	0.371579310345
300000	0.3701
310000	0.368906451613
320000	0.367728125
330000	0.366754545455
340000	0.365776470588
350000	0.364954285714
360000	0.363886111111
370000	0.363021621622
380000	0.362094736842
390000	0.361084615385
400000	0.3602375
410000	0.359236585366
420000	0.358523809524
430000	0.357769767442
440000	0.357054545455
450000	0.356202222222
460000	0.35555
470000	0.354942553191
480000	0.354158333333
490000	0.35356122449
500000	0.353076
510000	0.352350980392
520000	0.351875
530000	0.351205660377
540000	0.350544444444
550000	0.349976363636
560000	0.349439285714
570000	0.34870877193
580000	0.348255172414
590000	0.34793559322
600000	0.347575
610000	0.34711147541
620000	0.346725806452
630000	0.34619047619
640000	0.345615625
650000	0.345124615385
660000	0.344553030303
670000	0.344128358209
680000	0.343645588235
690000	0.343198550725
700000	0.342864285714
710000	0.342394366197
720000	0.341858333333
730000	0.341412328767
740000	0.341063513514
750000	0.340642666667
760000	0.340159210526
770000	0.339718181818
780000	0.339270512821
790000	0.338841772152
800000	0.33852875
810000	0.338167901235
820000	0.337670731707
830000	0.337328915663
840000	0.33695952381
850000	0.336635294118
860000	0.336251162791
870000	0.335929885057
880000	0.335468181818
890000	0.335074157303
900000	0.334753333333
910000	0.334441758242
920000	0.334107608696
930000	0.333803225806
940000	0.33344893617
950000	0.333083157895
960000	0.332734375
970000	0.332404123711
980000	0.332096938776
990000	0.331827272727
1000000	0.331583
