0	0
1	1.0
2	1.0
3	0.666666666667
4	0.5
5	0.6
6	0.5
7	0.571428571429
8	0.5
9	0.555555555556
10	0.5
11	0.454545454545
12	0.416666666667
13	0.384615384615
14	0.357142857143
15	0.333333333333
16	0.375
17	0.411764705882
18	0.388888888889
19	0.421052631579
20	0.4
21	0.428571428571
22	0.409090909091
23	0.434782608696
24	0.416666666667
25	0.44
26	0.461538461538
27	0.444444444444
28	0.428571428571
29	0.448275862069
30	0.466666666667
31	0.451612903226
32	0.46875
33	0.484848484848
34	0.470588235294
35	0.457142857143
36	0.444444444444
37	0.432432432432
38	0.447368421053
39	0.435897435897
40	0.45
41	0.439024390244
42	0.428571428571
43	0.418604651163
44	0.409090909091
45	0.422222222222
46	0.413043478261
47	0.404255319149
48	0.395833333333
49	0.387755102041
50	0.38
51	0.372549019608
52	0.384615384615
53	0.396226415094
54	0.407407407407
55	0.418181818182
56	0.428571428571
57	0.421052631579
58	0.413793103448
59	0.423728813559
60	0.416666666667
61	0.409836065574
62	0.41935483871
63	0.428571428571
64	0.421875
65	0.415384615385
66	0.409090909091
67	0.417910447761
68	0.426470588235
69	0.420289855072
70	0.428571428571
71	0.43661971831
72	0.444444444444
73	0.438356164384
74	0.445945945946
75	0.453333333333
76	0.447368421053
77	0.441558441558
78	0.448717948718
79	0.443037974684
80	0.4375
81	0.432098765432
82	0.426829268293
83	0.421686746988
84	0.416666666667
85	0.411764705882
86	0.418604651163
87	0.425287356322
88	0.431818181818
89	0.438202247191
90	0.444444444444
91	0.450549450549
92	0.445652173913
93	0.451612903226
94	0.446808510638
95	0.452631578947
96	0.447916666667
97	0.443298969072
98	0.448979591837
99	0.444444444444
100	0.45
110	0.427272727273
120	0.416666666667
130	0.438461538462
140	0.442857142857
150	0.453333333333
160	0.44375
170	0.458823529412
180	0.472222222222
190	0.473684210526
200	0.475
210	0.471428571429
220	0.481818181818
230	0.482608695652
240	0.491666666667
250	0.484
260	0.484615384615
270	0.485185185185
280	0.489285714286
290	0.486206896552
300	0.483333333333
310	0.487096774194
320	0.49375
330	0.49696969697
340	0.502941176471
350	0.508571428571
360	0.508333333333
370	0.510810810811
380	0.510526315789
390	0.505128205128
400	0.4975
410	0.50243902439
420	0.497619047619
430	0.5
440	0.502272727273
450	0.5
460	0.504347826087
470	0.504255319149
480	0.502083333333
490	0.508163265306
500	0.506
510	0.505882352941
520	0.503846153846
530	0.5
540	0.501851851852
550	0.501818181818
560	0.503571428571
570	0.501754385965
580	0.501724137931
590	0.503389830508
600	0.503333333333
610	0.506557377049
620	0.503225806452
630	0.507936507937
640	0.5109375
650	0.509230769231
660	0.512121212121
670	0.514925373134
680	0.514705882353
690	0.51884057971
700	0.521428571429
710	0.522535211268
720	0.522222222222
730	0.521917808219
740	0.524324324324
750	0.525333333333
760	0.527631578947
770	0.52987012987
780	0.526923076923
790	0.524050632911
800	0.525
810	0.524691358025
820	0.524390243902
830	0.527710843373
840	0.529761904762
850	0.532941176471
860	0.536046511628
870	0.541379310345
880	0.543181818182
890	0.543820224719
900	0.543333333333
910	0.545054945055
920	0.547826086957
930	0.549462365591
940	0.55
950	0.550526315789
960	0.55
970	0.547422680412
980	0.545918367347
990	0.548484848485
1000	0.548
1100	0.546363636364
1200	0.5425
1300	0.545384615385
1400	0.540714285714
1500	0.542
1600	0.541875
1700	0.540588235294
1800	0.539444444444
1900	0.538421052632
2000	0.541
2100	0.541428571429
2200	0.539545454545
2300	0.535652173913
2400	0.536666666667
2500	0.538
2600	0.538461538462
2700	0.537407407407
2800	0.535714285714
2900	0.534827586207
3000	0.534
3100	0.536774193548
3200	0.5359375
3300	0.534848484848
3400	0.537058823529
3500	0.536571428571
3600	0.535833333333
3700	0.537297297297
3800	0.538947368421
3900	0.539743589744
4000	0.54025
4100	0.54
4200	0.540476190476
4300	0.540930232558
4400	0.538863636364
4500	0.538444444444
4600	0.537391304348
4700	0.536808510638
4800	0.536875
4900	0.535714285714
5000	0.5352
5100	0.533333333333
5200	0.534230769231
5300	0.535283018868
5400	0.534259259259
5500	0.535272727273
5600	0.535178571429
5700	0.535087719298
5800	0.534827586207
5900	0.534576271186
6000	0.533
6100	0.532950819672
6200	0.532258064516
6300	0.532063492063
6400	0.52984375
6500	0.528461538462
6600	0.527727272727
6700	0.528507462687
6800	0.527352941176
6900	0.527246376812
7000	0.526571428571
7100	0.526901408451
7200	0.527222222222
7300	0.527397260274
7400	0.527027027027
7500	0.527066666667
7600	0.526710526316
7700	0.526753246753
7800	0.525769230769
7900	0.525696202532
8000	0.525875
8100	0.526049382716
8200	0.526097560976
8300	0.525903614458
8400	0.525238095238
8500	0.525058823529
8600	0.52523255814
8700	0.524252873563
8800	0.523977272727
8900	0.524494382022
9000	0.524555555556
9100	0.523846153846
9200	0.523260869565
9300	0.524086021505
9400	0.523085106383
9500	0.522526315789
9600	0.521770833333
9700	0.521855670103
9800	0.52112244898
9900	0.520303030303
10000	0.5202
11000	0.518636363636
12000	0.518166666667
13000	0.517076923077
14000	0.516071428571
15000	0.5164
16000	0.5151875
17000	0.512529411765
18000	0.511777777778
19000	0.511052631579
20000	0.5098
21000	0.509
22000	0.508681818182
23000	0.507956521739
24000	0.508291666667
25000	0.508
26000	0.507423076923
27000	0.507074074074
28000	0.507214285714
29000	0.506896551724
30000	0.5061
31000	0.50464516129
32000	0.50515625
33000	0.504878787879
34000	0.505617647059
35000	0.505542857143
36000	0.505444444444
37000	0.505432432432
38000	0.505394736842
39000	0.50441025641
40000	0.505225
41000	0.505707317073
42000	0.505166666667
43000	0.504511627907
44000	0.504522727273
45000	0.5044
46000	0.504282608696
47000	0.503723404255
48000	0.503083333333
49000	0.502979591837
50000	0.5037
51000	0.503470588235
52000	0.503807692308
53000	0.503811320755
54000	0.503444444444
55000	0.503472727273
56000	0.503107142857
57000	0.503245614035
58000	0.502982758621
59000	0.502576271186
60000	0.5029
61000	0.502754098361
62000	0.502435483871
63000	0.502666666667
64000	0.5026875
65000	0.502323076923
66000	0.502151515152
67000	0.502074626866
68000	0.501911764706
69000	0.501942028986
70000	0.502028571429
71000	0.502098591549
72000	0.502055555556
73000	0.501904109589
74000	0.501918918919
75000	0.502373333333
76000	0.502039473684
77000	0.501974025974
78000	0.502051282051
79000	0.502050632911
80000	0.5020625
81000	0.501925925926
82000	0.50187804878
83000	0.501963855422
84000	0.501952380952
85000	0.501670588235
86000	0.501569767442
87000	0.50167816092
88000	0.501590909091
89000	0.501707865169
90000	0.5015
91000	0.501395604396
92000	0.501434782609
93000	0.501462365591
94000	0.50129787234
95000	0.500884210526
96000	0.500770833333
97000	0.500463917526
98000	0.50062244898
99000	0.500525252525
100000	0.50025
110000	0.4994
120000	0.498983333333
130000	0.497669230769
140000	0.496664285714
150000	0.495746666667
160000	0.4945
170000	0.493611764706
180000	0.492288888889
190000	0.490594736842
200000	0.488945
