0	0
1	1.0
2	1.0
3	0.666666666667
4	0.5
5	0.6
6	0.5
7	0.428571428571
8	0.375
9	0.333333333333
10	0.3
11	0.363636363636
12	0.333333333333
13	0.384615384615
14	0.428571428571
15	0.4
16	0.375
17	0.352941176471
18	0.388888888889
19	0.368421052632
20	0.35
21	0.380952380952
22	0.363636363636
23	0.391304347826
24	0.375
25	0.36
26	0.384615384615
27	0.407407407407
28	0.428571428571
29	0.448275862069
30	0.433333333333
31	0.451612903226
32	0.4375
33	0.424242424242
34	0.411764705882
35	0.428571428571
36	0.444444444444
37	0.459459459459
38	0.447368421053
39	0.435897435897
40	0.45
41	0.463414634146
42	0.47619047619
43	0.46511627907
44	0.477272727273
45	0.488888888889
46	0.5
47	0.510638297872
48	0.520833333333
49	0.510204081633
50	0.5
51	0.509803921569
52	0.5
53	0.490566037736
54	0.481481481481
55	0.472727272727
56	0.482142857143
57	0.491228070175
58	0.5
59	0.508474576271
60	0.5
61	0.491803278689
62	0.483870967742
63	0.492063492063
64	0.484375
65	0.492307692308
66	0.484848484848
67	0.492537313433
68	0.485294117647
69	0.492753623188
70	0.485714285714
71	0.492957746479
72	0.5
73	0.506849315068
74	0.513513513514
75	0.52
76	0.513157894737
77	0.519480519481
78	0.525641025641
79	0.518987341772
80	0.525
81	0.518518518519
82	0.524390243902
83	0.530120481928
84	0.535714285714
85	0.541176470588
86	0.546511627907
87	0.540229885057
88	0.545454545455
89	0.539325842697
90	0.544444444444
91	0.549450549451
92	0.54347826087
93	0.537634408602
94	0.531914893617
95	0.536842105263
96	0.53125
97	0.525773195876
98	0.520408163265
99	0.525252525253
100	0.52
110	0.527272727273
120	0.525
130	0.523076923077
140	0.514285714286
150	0.506666666667
160	0.50625
170	0.517647058824
180	0.527777777778
190	0.542105263158
200	0.545
210	0.533333333333
220	0.540909090909
230	0.54347826087
240	0.529166666667
250	0.528
260	0.523076923077
270	0.514814814815
280	0.510714285714
290	0.513793103448
300	0.516666666667
310	0.506451612903
320	0.5125
330	0.515151515152
340	0.514705882353
350	0.514285714286
360	0.508333333333
370	0.510810810811
380	0.507894736842
390	0.507692307692
400	0.5025
410	0.507317073171
420	0.5
430	0.495348837209
440	0.495454545455
450	0.495555555556
460	0.495652173913
470	0.495744680851
480	0.497916666667
490	0.495918367347
500	0.494
510	0.492156862745
520	0.490384615385
530	0.490566037736
540	0.494444444444
550	0.498181818182
560	0.494642857143
570	0.498245614035
580	0.5
590	0.503389830508
600	0.501666666667
610	0.498360655738
620	0.496774193548
630	0.496825396825
640	0.4984375
650	0.496923076923
660	0.495454545455
670	0.5
680	0.5
690	0.5
700	0.5
710	0.504225352113
720	0.506944444444
730	0.506849315068
740	0.506756756757
750	0.508
760	0.509210526316
770	0.51038961039
780	0.512820512821
790	0.512658227848
800	0.51
810	0.508641975309
820	0.506097560976
830	0.506024096386
840	0.508333333333
850	0.507058823529
860	0.506976744186
870	0.508045977011
880	0.505681818182
890	0.505617977528
900	0.504444444444
910	0.503296703297
920	0.503260869565
930	0.502150537634
940	0.503191489362
950	0.502105263158
960	0.501041666667
970	0.501030927835
980	0.501020408163
990	0.50101010101
1000	0.501
1100	0.505454545455
1200	0.509166666667
1300	0.514615384615
1400	0.513571428571
1500	0.518
1600	0.516875
1700	0.513529411765
1800	0.516111111111
1900	0.516842105263
2000	0.517
2100	0.518571428571
2200	0.517272727273
2300	0.51652173913
2400	0.517083333333
2500	0.5184
2600	0.517307692308
2700	0.516666666667
2800	0.519642857143
2900	0.519655172414
3000	0.517666666667
3100	0.515806451613
3200	0.5165625
3300	0.517272727273
3400	0.517941176471
3500	0.517428571429
3600	0.516666666667
3700	0.515945945946
3800	0.515789473684
3900	0.515897435897
4000	0.5155
4100	0.515609756098
4200	0.515
4300	0.515348837209
4400	0.514772727273
4500	0.515555555556
4600	0.515217391304
4700	0.516595744681
4800	0.515833333333
4900	0.515306122449
5000	0.5158
5100	0.516666666667
5200	0.516346153846
5300	0.515660377358
5400	0.51537037037
5500	0.516363636364
5600	0.517142857143
5700	0.516842105263
5800	0.517413793103
5900	0.518813559322
6000	0.5185
6100	0.517540983607
6200	0.515967741935
6300	0.517777777778
6400	0.51765625
6500	0.518
6600	0.517575757576
6700	0.517910447761
6800	0.519558823529
6900	0.519275362319
7000	0.518714285714
7100	0.52014084507
7200	0.519583333333
7300	0.519863013699
7400	0.521081081081
7500	0.5216
7600	0.521315789474
7700	0.521558441558
7800	0.522820512821
7900	0.523164556962
8000	0.52375
8100	0.523580246914
8200	0.523902439024
8300	0.523734939759
8400	0.524880952381
8500	0.524705882353
8600	0.52488372093
8700	0.524597701149
8800	0.525681818182
8900	0.525280898876
9000	0.525333333333
9100	0.526263736264
9200	0.52652173913
9300	0.52752688172
9400	0.526914893617
9500	0.527263157895
9600	0.527604166667
9700	0.528350515464
9800	0.528367346939
9900	0.528080808081
10000	0.5276
11000	0.532181818182
12000	0.534833333333
13000	0.537153846154
14000	0.538714285714
15000	0.539533333333
16000	0.542
17000	0.542058823529
18000	0.545166666667
19000	0.546526315789
20000	0.5477
21000	0.548904761905
22000	0.550136363636
23000	0.551173913043
24000	0.552083333333
25000	0.5534
26000	0.553961538462
27000	0.552814814815
28000	0.5515
29000	0.551137931034
30000	0.549166666667
31000	0.548580645161
32000	0.54778125
33000	0.547454545455
34000	0.546852941176
35000	0.5458
36000	0.544833333333
37000	0.544405405405
38000	0.543105263158
39000	0.541974358974
40000	0.541025
41000	0.539780487805
42000	0.539023809524
43000	0.538372093023
44000	0.537545454545
45000	0.536866666667
46000	0.536130434783
47000	0.535234042553
48000	0.534479166667
49000	0.533224489796
50000	0.5327
51000	0.532431372549
52000	0.532134615385
53000	0.531867924528
54000	0.531
55000	0.530872727273
56000	0.530339285714
57000	0.530192982456
58000	0.52975862069
59000	0.528898305085
60000	0.52835
61000	0.527901639344
62000	0.527225806452
63000	0.526968253968
64000	0.52678125
65000	0.525892307692
66000	0.526075757576
67000	0.525835820896
68000	0.525176470588
69000	0.525144927536
70000	0.525171428571
71000	0.524746478873
72000	0.524833333333
73000	0.524821917808
74000	0.524621621622
75000	0.524453333333
76000	0.524263157895
77000	0.523766233766
78000	0.523615384615
79000	0.523443037975
80000	0.5231125
81000	0.523160493827
82000	0.522865853659
83000	0.522795180723
84000	0.522988095238
85000	0.522941176471
86000	0.523104651163
87000	0.523218390805
88000	0.523068181818
89000	0.523224719101
90000	0.523111111111
91000	0.52321978022
92000	0.523217391304
93000	0.523268817204
94000	0.523191489362
95000	0.523157894737
96000	0.523260416667
97000	0.52318556701
98000	0.523336734694
99000	0.523313131313
100000	0.52336
110000	0.5236
120000	0.523191666667
130000	0.524007692308
140000	0.524435714286
150000	0.524386666667
160000	0.52448125
170000	0.524111764706
180000	0.524305555556
190000	0.523857894737
200000	0.5232
