0	0
1	0.0
2	0.5
3	0.333333333333
4	0.25
5	0.2
6	0.333333333333
7	0.285714285714
8	0.375
9	0.333333333333
10	0.3
11	0.363636363636
12	0.333333333333
13	0.384615384615
14	0.428571428571
15	0.466666666667
16	0.5
17	0.470588235294
18	0.5
19	0.526315789474
20	0.5
21	0.52380952381
22	0.5
23	0.478260869565
24	0.458333333333
25	0.48
26	0.5
27	0.481481481481
28	0.464285714286
29	0.48275862069
30	0.5
31	0.516129032258
32	0.5
33	0.484848484848
34	0.5
35	0.485714285714
36	0.5
37	0.486486486486
38	0.473684210526
39	0.487179487179
40	0.475
41	0.487804878049
42	0.5
43	0.511627906977
44	0.5
45	0.488888888889
46	0.5
47	0.510638297872
48	0.5
49	0.489795918367
50	0.5
51	0.490196078431
52	0.480769230769
53	0.471698113208
54	0.462962962963
55	0.472727272727
56	0.464285714286
57	0.456140350877
58	0.465517241379
59	0.474576271186
60	0.483333333333
61	0.491803278689
62	0.483870967742
63	0.492063492063
64	0.5
65	0.492307692308
66	0.5
67	0.492537313433
68	0.485294117647
69	0.492753623188
70	0.485714285714
71	0.478873239437
72	0.472222222222
73	0.479452054795
74	0.486486486486
75	0.48
76	0.486842105263
77	0.493506493506
78	0.487179487179
79	0.481012658228
80	0.475
81	0.481481481481
82	0.487804878049
83	0.481927710843
84	0.488095238095
85	0.482352941176
86	0.476744186047
87	0.471264367816
88	0.477272727273
89	0.483146067416
90	0.488888888889
91	0.483516483516
92	0.489130434783
93	0.483870967742
94	0.478723404255
95	0.473684210526
96	0.479166666667
97	0.474226804124
98	0.479591836735
99	0.474747474747
100	0.47
110	0.454545454545
120	0.45
130	0.461538461538
140	0.485714285714
150	0.473333333333
160	0.4625
170	0.470588235294
180	0.477777777778
190	0.473684210526
200	0.47
210	0.466666666667
220	0.468181818182
230	0.473913043478
240	0.475
250	0.484
260	0.488461538462
270	0.485185185185
280	0.482142857143
290	0.489655172414
300	0.49
310	0.5
320	0.50625
330	0.506060606061
340	0.502941176471
350	0.5
360	0.502777777778
370	0.508108108108
380	0.510526315789
390	0.502564102564
400	0.5075
410	0.507317073171
420	0.502380952381
430	0.502325581395
440	0.506818181818
450	0.515555555556
460	0.519565217391
470	0.514893617021
480	0.510416666667
490	0.508163265306
500	0.51
510	0.505882352941
520	0.507692307692
530	0.503773584906
540	0.5
550	0.503636363636
560	0.503571428571
570	0.498245614035
580	0.501724137931
590	0.508474576271
600	0.508333333333
610	0.506557377049
620	0.504838709677
630	0.504761904762
640	0.503125
650	0.503076923077
660	0.504545454545
670	0.50447761194
680	0.505882352941
690	0.504347826087
700	0.501428571429
710	0.502816901408
720	0.505555555556
730	0.508219178082
740	0.508108108108
750	0.504
760	0.505263157895
770	0.503896103896
780	0.501282051282
790	0.50253164557
800	0.50375
810	0.504938271605
820	0.508536585366
830	0.507228915663
840	0.508333333333
850	0.511764705882
860	0.511627906977
870	0.510344827586
880	0.510227272727
890	0.511235955056
900	0.513333333333
910	0.512087912088
920	0.511956521739
930	0.511827956989
940	0.51170212766
950	0.512631578947
960	0.5125
970	0.514432989691
980	0.513265306122
990	0.515151515152
1000	0.514
1100	0.519090909091
1200	0.515
1300	0.512307692308
1400	0.517142857143
1500	0.519333333333
1600	0.52125
1700	0.522941176471
1800	0.519444444444
1900	0.521052631579
2000	0.5205
2100	0.522380952381
2200	0.525
2300	0.526086956522
2400	0.523333333333
2500	0.5232
2600	0.527692307692
2700	0.528518518519
2800	0.529285714286
2900	0.529655172414
3000	0.529333333333
3100	0.53064516129
3200	0.5309375
3300	0.530606060606
3400	0.531764705882
3500	0.532
3600	0.533055555556
3700	0.532162162162
3800	0.532105263158
3900	0.530769230769
4000	0.5325
4100	0.534146341463
4200	0.53380952381
4300	0.535348837209
4400	0.533863636364
4500	0.534666666667
4600	0.536086956522
4700	0.536170212766
4800	0.537916666667
4900	0.537551020408
5000	0.5388
5100	0.539803921569
5200	0.539807692308
5300	0.541132075472
5400	0.541851851852
5500	0.539818181818
5600	0.538928571429
5700	0.538771929825
5800	0.539310344828
5900	0.539491525424
6000	0.540166666667
6100	0.540819672131
6200	0.541290322581
6300	0.541587301587
6400	0.54046875
6500	0.539846153846
6600	0.541212121212
6700	0.540447761194
6800	0.54
6900	0.539565217391
7000	0.538857142857
7100	0.537605633803
7200	0.538055555556
7300	0.537945205479
7400	0.537837837838
7500	0.538266666667
7600	0.538552631579
7700	0.539220779221
7800	0.539102564103
7900	0.539113924051
8000	0.5405
8100	0.54
8200	0.54012195122
8300	0.540481927711
8400	0.540952380952
8500	0.541529411765
8600	0.541279069767
8700	0.542413793103
8800	0.542386363636
8900	0.542247191011
9000	0.542555555556
9100	0.542417582418
9200	0.543043478261
9300	0.54311827957
9400	0.543404255319
9500	0.544210526316
9600	0.5440625
9700	0.545154639175
9800	0.544693877551
9900	0.544646464646
10000	0.5445
11000	0.544272727273
12000	0.545
13000	0.546076923077
14000	0.545857142857
15000	0.545266666667
16000	0.5443125
17000	0.544294117647
18000	0.544444444444
19000	0.542947368421
20000	0.54395
21000	0.544619047619
22000	0.544318181818
23000	0.544043478261
24000	0.544458333333
25000	0.5446
26000	0.544615384615
27000	0.545259259259
28000	0.5455
29000	0.546275862069
30000	0.546733333333
31000	0.547064516129
32000	0.54665625
33000	0.546787878788
34000	0.547352941176
35000	0.547657142857
36000	0.549
37000	0.549189189189
38000	0.5495
39000	0.549666666667
40000	0.5505
41000	0.551219512195
42000	0.551261904762
43000	0.552093023256
44000	0.551590909091
45000	0.552533333333
46000	0.552760869565
47000	0.552787234043
48000	0.55325
49000	0.553
50000	0.55344
51000	0.55368627451
52000	0.553423076923
53000	0.55358490566
54000	0.553277777778
55000	0.552872727273
56000	0.552428571429
57000	0.552052631579
58000	0.552034482759
59000	0.551542372881
60000	0.551233333333
61000	0.550508196721
62000	0.549903225806
63000	0.548920634921
64000	0.548359375
65000	0.547215384615
66000	0.546954545455
67000	0.545895522388
68000	0.545117647059
69000	0.544579710145
70000	0.543985714286
71000	0.543563380282
72000	0.542972222222
73000	0.542356164384
74000	0.541675675676
75000	0.54116
76000	0.540513157895
77000	0.54
78000	0.539564102564
79000	0.53964556962
80000	0.539275
81000	0.539024691358
82000	0.538926829268
83000	0.538879518072
84000	0.538583333333
85000	0.538223529412
86000	0.538069767442
87000	0.53775862069
88000	0.537636363636
89000	0.537449438202
90000	0.537188888889
91000	0.536725274725
92000	0.536141304348
93000	0.535688172043
94000	0.535436170213
95000	0.535021052632
96000	0.534729166667
97000	0.534463917526
98000	0.534183673469
99000	0.534
100000	0.53414
110000	0.532
120000	0.530833333333
130000	0.529015384615
140000	0.527757142857
150000	0.52724
160000	0.525875
170000	0.523652941176
180000	0.521838888889
190000	0.520878947368
200000	0.519855
