0	0
1	1.0
2	1.0
3	0.666666666667
4	0.5
5	0.4
6	0.5
7	0.428571428571
8	0.5
9	0.555555555556
10	0.6
11	0.636363636364
12	0.666666666667
13	0.692307692308
14	0.714285714286
15	0.733333333333
16	0.75
17	0.705882352941
18	0.666666666667
19	0.684210526316
20	0.7
21	0.714285714286
22	0.681818181818
23	0.652173913043
24	0.666666666667
25	0.68
26	0.692307692308
27	0.666666666667
28	0.642857142857
29	0.620689655172
30	0.6
31	0.58064516129
32	0.5625
33	0.575757575758
34	0.588235294118
35	0.6
36	0.583333333333
37	0.594594594595
38	0.578947368421
39	0.564102564103
40	0.55
41	0.560975609756
42	0.571428571429
43	0.581395348837
44	0.590909090909
45	0.577777777778
46	0.565217391304
47	0.553191489362
48	0.541666666667
49	0.551020408163
50	0.56
51	0.56862745098
52	0.557692307692
53	0.566037735849
54	0.574074074074
55	0.581818181818
56	0.571428571429
57	0.561403508772
58	0.568965517241
59	0.559322033898
60	0.55
61	0.55737704918
62	0.564516129032
63	0.571428571429
64	0.578125
65	0.569230769231
66	0.575757575758
67	0.567164179104
68	0.573529411765
69	0.565217391304
70	0.571428571429
71	0.577464788732
72	0.583333333333
73	0.58904109589
74	0.581081081081
75	0.586666666667
76	0.592105263158
77	0.597402597403
78	0.589743589744
79	0.594936708861
80	0.6
81	0.604938271605
82	0.609756097561
83	0.614457831325
84	0.607142857143
85	0.611764705882
86	0.616279069767
87	0.620689655172
88	0.613636363636
89	0.61797752809
90	0.611111111111
91	0.604395604396
92	0.608695652174
93	0.602150537634
94	0.606382978723
95	0.610526315789
96	0.614583333333
97	0.60824742268
98	0.612244897959
99	0.606060606061
100	0.6
110	0.581818181818
120	0.55
130	0.530769230769
140	0.528571428571
150	0.52
160	0.5125
170	0.517647058824
180	0.511111111111
190	0.510526315789
200	0.51
210	0.5
220	0.509090909091
230	0.517391304348
240	0.516666666667
250	0.524
260	0.523076923077
270	0.52962962963
280	0.532142857143
290	0.531034482759
300	0.526666666667
310	0.529032258065
320	0.534375
330	0.542424242424
340	0.544117647059
350	0.54
360	0.530555555556
370	0.52972972973
380	0.526315789474
390	0.525641025641
400	0.5325
410	0.534146341463
420	0.538095238095
430	0.537209302326
440	0.536363636364
450	0.537777777778
460	0.536956521739
470	0.542553191489
480	0.54375
490	0.542857142857
500	0.536
510	0.533333333333
520	0.532692307692
530	0.530188679245
540	0.525925925926
550	0.525454545455
560	0.523214285714
570	0.528070175439
580	0.525862068966
590	0.523728813559
600	0.523333333333
610	0.522950819672
620	0.524193548387
630	0.522222222222
640	0.521875
650	0.52
660	0.521212121212
670	0.520895522388
680	0.520588235294
690	0.521739130435
700	0.518571428571
710	0.519718309859
720	0.520833333333
730	0.519178082192
740	0.518918918919
750	0.517333333333
760	0.518421052632
770	0.523376623377
780	0.524358974359
790	0.527848101266
800	0.5275
810	0.524691358025
820	0.526829268293
830	0.526506024096
840	0.52380952381
850	0.525882352941
860	0.525581395349
870	0.525287356322
880	0.526136363636
890	0.524719101124
900	0.525555555556
910	0.524175824176
920	0.525
930	0.522580645161
940	0.523404255319
950	0.522105263158
960	0.523958333333
970	0.525773195876
980	0.523469387755
990	0.523232323232
1000	0.521
1100	0.521818181818
1200	0.529166666667
1300	0.528461538462
1400	0.526428571429
1500	0.524666666667
1600	0.52625
1700	0.528235294118
1800	0.527222222222
1900	0.523157894737
2000	0.5205
2100	0.518571428571
2200	0.516363636364
2300	0.514782608696
2400	0.516666666667
2500	0.5156
2600	0.514615384615
2700	0.512592592593
2800	0.512857142857
2900	0.514827586207
3000	0.511
3100	0.511612903226
3200	0.511875
3300	0.513636363636
3400	0.511470588235
3500	0.512
3600	0.511944444444
3700	0.511081081081
3800	0.51
3900	0.509230769231
4000	0.5095
4100	0.508048780488
4200	0.507142857143
4300	0.508837209302
4400	0.509545454545
4500	0.508888888889
4600	0.507391304348
4700	0.506382978723
4800	0.504166666667
4900	0.503673469388
5000	0.5026
5100	0.500980392157
5200	0.500769230769
5300	0.500377358491
5400	0.499259259259
5500	0.498363636364
5600	0.498928571429
5700	0.498421052632
5800	0.496896551724
5900	0.497457627119
6000	0.4965
6100	0.495245901639
6200	0.494516129032
6300	0.495238095238
6400	0.49609375
6500	0.496615384615
6600	0.495454545455
6700	0.493432835821
6800	0.492352941176
6900	0.491884057971
7000	0.491
7100	0.490704225352
7200	0.490555555556
7300	0.49
7400	0.488378378378
7500	0.488533333333
7600	0.487894736842
7700	0.487662337662
7800	0.486025641026
7900	0.484936708861
8000	0.484125
8100	0.484444444444
8200	0.483292682927
8300	0.483614457831
8400	0.4825
8500	0.482117647059
8600	0.482325581395
8700	0.481724137931
8800	0.480227272727
8900	0.479662921348
9000	0.48
9100	0.48010989011
9200	0.479782608696
9300	0.478602150538
9400	0.477872340426
9500	0.477263157895
9600	0.476875
9700	0.476804123711
9800	0.475918367347
9900	0.475656565657
10000	0.4762
11000	0.473090909091
12000	0.46725
13000	0.461923076923
14000	0.457785714286
15000	0.455533333333
16000	0.4545
17000	0.452
18000	0.4505
19000	0.447
20000	0.4471
21000	0.446666666667
22000	0.445272727273
23000	0.442956521739
24000	0.44175
25000	0.44104
26000	0.439923076923
27000	0.438592592593
28000	0.438178571429
29000	0.43624137931
30000	0.434733333333
31000	0.433451612903
32000	0.43321875
33000	0.432575757576
34000	0.431470588235
35000	0.430142857143
36000	0.429
37000	0.428378378378
38000	0.427394736842
39000	0.426666666667
40000	0.427025
41000	0.42612195122
42000	0.425571428571
43000	0.425441860465
44000	0.425
45000	0.424355555556
46000	0.423847826087
47000	0.423808510638
48000	0.423479166667
49000	0.423306122449
50000	0.42254
51000	0.422411764706
52000	0.421615384615
53000	0.42120754717
54000	0.420944444444
55000	0.420727272727
56000	0.420267857143
57000	0.419736842105
58000	0.419189655172
59000	0.418559322034
60000	0.418383333333
61000	0.417836065574
62000	0.417629032258
63000	0.417079365079
64000	0.4166875
65000	0.416138461538
66000	0.415681818182
67000	0.415402985075
68000	0.414588235294
69000	0.414057971014
70000	0.413771428571
71000	0.413492957746
72000	0.413416666667
73000	0.413068493151
74000	0.412716216216
75000	0.412306666667
76000	0.412078947368
77000	0.412233766234
78000	0.412115384615
79000	0.41217721519
80000	0.411725
81000	0.411777777778
82000	0.411329268293
83000	0.410698795181
84000	0.410369047619
85000	0.410094117647
86000	0.40988372093
87000	0.409252873563
88000	0.408670454545
89000	0.408516853933
90000	0.408144444444
91000	0.407945054945
92000	0.407847826087
93000	0.407731182796
94000	0.4075
95000	0.407094736842
96000	0.407114583333
97000	0.406711340206
98000	0.406571428571
99000	0.406373737374
100000	0.4062
110000	0.403736363636
120000	0.401066666667
130000	0.398461538462
140000	0.397192857143
150000	0.394646666667
160000	0.392675
170000	0.390535294118
180000	0.389455555556
190000	0.387694736842
200000	0.386525
