0	0
1	1.0
2	0.5
3	0.666666666667
4	0.5
5	0.6
6	0.5
7	0.571428571429
8	0.625
9	0.666666666667
10	0.6
11	0.545454545455
12	0.5
13	0.538461538462
14	0.5
15	0.533333333333
16	0.5625
17	0.529411764706
18	0.555555555556
19	0.526315789474
20	0.55
21	0.571428571429
22	0.590909090909
23	0.608695652174
24	0.583333333333
25	0.6
26	0.615384615385
27	0.592592592593
28	0.607142857143
29	0.586206896552
30	0.566666666667
31	0.58064516129
32	0.5625
33	0.545454545455
34	0.529411764706
35	0.514285714286
36	0.5
37	0.513513513514
38	0.5
39	0.512820512821
40	0.5
41	0.487804878049
42	0.47619047619
43	0.46511627907
44	0.454545454545
45	0.444444444444
46	0.45652173913
47	0.446808510638
48	0.4375
49	0.428571428571
50	0.42
51	0.43137254902
52	0.442307692308
53	0.452830188679
54	0.462962962963
55	0.472727272727
56	0.464285714286
57	0.473684210526
58	0.48275862069
59	0.474576271186
60	0.483333333333
61	0.475409836066
62	0.483870967742
63	0.47619047619
64	0.484375
65	0.492307692308
66	0.5
67	0.507462686567
68	0.514705882353
69	0.521739130435
70	0.514285714286
71	0.507042253521
72	0.5
73	0.506849315068
74	0.513513513514
75	0.506666666667
76	0.5
77	0.493506493506
78	0.5
79	0.506329113924
80	0.5
81	0.506172839506
82	0.5
83	0.506024096386
84	0.511904761905
85	0.505882352941
86	0.5
87	0.505747126437
88	0.511363636364
89	0.505617977528
90	0.5
91	0.494505494505
92	0.5
93	0.505376344086
94	0.5
95	0.494736842105
96	0.5
97	0.494845360825
98	0.5
99	0.505050505051
100	0.51
110	0.518181818182
120	0.516666666667
130	0.515384615385
140	0.5
150	0.5
160	0.4875
170	0.5
180	0.477777777778
190	0.478947368421
200	0.47
210	0.457142857143
220	0.454545454545
230	0.460869565217
240	0.470833333333
250	0.476
260	0.488461538462
270	0.488888888889
280	0.492857142857
290	0.496551724138
300	0.49
310	0.493548387097
320	0.4875
330	0.478787878788
340	0.476470588235
350	0.477142857143
360	0.475
370	0.472972972973
380	0.476315789474
390	0.474358974359
400	0.48
410	0.473170731707
420	0.47380952381
430	0.474418604651
440	0.484090909091
450	0.482222222222
460	0.489130434783
470	0.493617021277
480	0.491666666667
490	0.491836734694
500	0.488
510	0.488235294118
520	0.488461538462
530	0.484905660377
540	0.490740740741
550	0.485454545455
560	0.483928571429
570	0.482456140351
580	0.487931034483
590	0.486440677966
600	0.488333333333
610	0.486885245902
620	0.483870967742
630	0.480952380952
640	0.4828125
650	0.481538461538
660	0.483333333333
670	0.483582089552
680	0.482352941176
690	0.478260869565
700	0.48
710	0.483098591549
720	0.481944444444
730	0.483561643836
740	0.486486486486
750	0.485333333333
760	0.488157894737
770	0.487012987013
780	0.485897435897
790	0.484810126582
800	0.48375
810	0.482716049383
820	0.479268292683
830	0.478313253012
840	0.477380952381
850	0.475294117647
860	0.473255813953
870	0.474712643678
880	0.472727272727
890	0.47191011236
900	0.471111111111
910	0.469230769231
920	0.467391304348
930	0.465591397849
940	0.464893617021
950	0.466315789474
960	0.467708333333
970	0.468041237113
980	0.467346938776
990	0.467676767677
1000	0.468
1100	0.469090909091
1200	0.4675
1300	0.471538461538
1400	0.476428571429
1500	0.48
1600	0.483125
1700	0.478235294118
1800	0.476111111111
1900	0.481052631579
2000	0.4805
2100	0.480952380952
2200	0.482727272727
2300	0.485217391304
2400	0.49
2500	0.4932
2600	0.495769230769
2700	0.493703703704
2800	0.495714285714
2900	0.499655172414
3000	0.502666666667
3100	0.506129032258
3200	0.506875
3300	0.507878787879
3400	0.509411764706
3500	0.510285714286
3600	0.513888888889
3700	0.515135135135
3800	0.517368421053
3900	0.517435897436
4000	0.52
4100	0.519512195122
4200	0.523571428571
4300	0.522558139535
4400	0.523181818182
4500	0.524222222222
4600	0.526739130435
4700	0.52829787234
4800	0.529583333333
4900	0.532653061224
5000	0.536
5100	0.536470588235
5200	0.538076923077
5300	0.538113207547
5400	0.539444444444
5500	0.541090909091
5600	0.541607142857
5700	0.541929824561
5800	0.54275862069
5900	0.544406779661
6000	0.544666666667
6100	0.547213114754
6200	0.549032258065
6300	0.549047619048
6400	0.55171875
6500	0.552769230769
6600	0.55303030303
6700	0.555223880597
6800	0.555147058824
6900	0.554637681159
7000	0.555571428571
7100	0.557183098592
7200	0.55875
7300	0.560136986301
7400	0.561891891892
7500	0.5632
7600	0.564473684211
7700	0.564415584416
7800	0.564615384615
7900	0.565316455696
8000	0.566
8100	0.567160493827
8200	0.567317073171
8300	0.567951807229
8400	0.569285714286
8500	0.569647058824
8600	0.570697674419
8700	0.570804597701
8800	0.571477272727
8900	0.573146067416
9000	0.574111111111
9100	0.575054945055
9200	0.575326086957
9300	0.575806451613
9400	0.577127659574
9500	0.578315789474
9600	0.579270833333
9700	0.579175257732
9800	0.580306122449
9900	0.58101010101
10000	0.5814
11000	0.584818181818
12000	0.589666666667
13000	0.594153846154
14000	0.5985
15000	0.6032
16000	0.6054375
17000	0.606705882353
18000	0.609055555556
19000	0.611105263158
20000	0.6131
21000	0.615714285714
22000	0.6165
23000	0.616608695652
24000	0.617958333333
25000	0.6196
26000	0.621961538462
27000	0.622814814815
28000	0.623107142857
29000	0.625586206897
30000	0.6271
31000	0.627806451613
32000	0.62934375
33000	0.630818181818
34000	0.632617647059
35000	0.633771428571
36000	0.634555555556
37000	0.636054054054
38000	0.636736842105
39000	0.637384615385
40000	0.637925
41000	0.638804878049
42000	0.639880952381
43000	0.640627906977
44000	0.641227272727
45000	0.641555555556
46000	0.642282608696
47000	0.642212765957
48000	0.642270833333
49000	0.642673469388
50000	0.64304
51000	0.643352941176
52000	0.643673076923
53000	0.644188679245
54000	0.643907407407
55000	0.644072727273
56000	0.644803571429
57000	0.644894736842
58000	0.64475862069
59000	0.645406779661
60000	0.64555
61000	0.646196721311
62000	0.646322580645
63000	0.646587301587
64000	0.646640625
65000	0.6468
66000	0.647136363636
67000	0.647164179104
68000	0.647441176471
69000	0.64768115942
70000	0.647885714286
71000	0.64838028169
72000	0.648736111111
73000	0.649082191781
74000	0.649175675676
75000	0.6496
76000	0.649855263158
77000	0.650038961039
78000	0.650448717949
79000	0.650835443038
80000	0.6512125
81000	0.651172839506
82000	0.651634146341
83000	0.651590361446
84000	0.651702380952
85000	0.652211764706
86000	0.652476744186
87000	0.652597701149
88000	0.652840909091
89000	0.652865168539
90000	0.652988888889
91000	0.653494505495
92000	0.653619565217
93000	0.654032258065
94000	0.654106382979
95000	0.654305263158
96000	0.654354166667
97000	0.654731958763
98000	0.654928571429
99000	0.655141414141
100000	0.65531
110000	0.656809090909
120000	0.657816666667
130000	0.659376923077
140000	0.661135714286
150000	0.662573333333
160000	0.6642625
170000	0.665429411765
180000	0.66655
190000	0.667773684211
200000	0.66878
