0	0
1	0.0
2	0.0
3	0.333333333333
4	0.5
5	0.4
6	0.333333333333
7	0.428571428571
8	0.375
9	0.333333333333
10	0.3
11	0.272727272727
12	0.333333333333
13	0.384615384615
14	0.357142857143
15	0.4
16	0.375
17	0.411764705882
18	0.388888888889
19	0.368421052632
20	0.35
21	0.380952380952
22	0.363636363636
23	0.391304347826
24	0.375
25	0.4
26	0.423076923077
27	0.444444444444
28	0.428571428571
29	0.448275862069
30	0.466666666667
31	0.451612903226
32	0.4375
33	0.454545454545
34	0.470588235294
35	0.485714285714
36	0.472222222222
37	0.486486486486
38	0.473684210526
39	0.461538461538
40	0.475
41	0.487804878049
42	0.47619047619
43	0.46511627907
44	0.477272727273
45	0.488888888889
46	0.5
47	0.510638297872
48	0.5
49	0.510204081633
50	0.52
51	0.509803921569
52	0.519230769231
53	0.509433962264
54	0.5
55	0.509090909091
56	0.517857142857
57	0.508771929825
58	0.51724137931
59	0.508474576271
60	0.516666666667
61	0.524590163934
62	0.516129032258
63	0.52380952381
64	0.53125
65	0.523076923077
66	0.530303030303
67	0.522388059701
68	0.514705882353
69	0.521739130435
70	0.514285714286
71	0.507042253521
72	0.5
73	0.493150684932
74	0.486486486486
75	0.493333333333
76	0.486842105263
77	0.480519480519
78	0.487179487179
79	0.481012658228
80	0.4875
81	0.481481481481
82	0.475609756098
83	0.481927710843
84	0.488095238095
85	0.482352941176
86	0.488372093023
87	0.494252873563
88	0.488636363636
89	0.483146067416
90	0.477777777778
91	0.472527472527
92	0.478260869565
93	0.483870967742
94	0.478723404255
95	0.473684210526
96	0.46875
97	0.474226804124
98	0.479591836735
99	0.474747474747
100	0.48
110	0.490909090909
120	0.475
130	0.469230769231
140	0.485714285714
150	0.473333333333
160	0.4625
170	0.482352941176
180	0.472222222222
190	0.452631578947
200	0.45
210	0.447619047619
220	0.440909090909
230	0.439130434783
240	0.420833333333
250	0.416
260	0.426923076923
270	0.422222222222
280	0.417857142857
290	0.420689655172
300	0.426666666667
310	0.41935483871
320	0.425
330	0.424242424242
340	0.423529411765
350	0.431428571429
360	0.433333333333
370	0.432432432432
380	0.436842105263
390	0.438461538462
400	0.44
410	0.439024390244
420	0.438095238095
430	0.441860465116
440	0.445454545455
450	0.442222222222
460	0.436956521739
470	0.436170212766
480	0.439583333333
490	0.436734693878
500	0.442
510	0.443137254902
520	0.448076923077
530	0.449056603774
540	0.451851851852
550	0.450909090909
560	0.45
570	0.456140350877
580	0.451724137931
590	0.454237288136
600	0.453333333333
610	0.454098360656
620	0.451612903226
630	0.449206349206
640	0.45
650	0.444615384615
660	0.442424242424
670	0.44328358209
680	0.439705882353
690	0.440579710145
700	0.437142857143
710	0.439436619718
720	0.4375
730	0.43698630137
740	0.440540540541
750	0.44
760	0.442105263158
770	0.442857142857
780	0.442307692308
790	0.443037974684
800	0.4425
810	0.444444444444
820	0.443902439024
830	0.439759036145
840	0.439285714286
850	0.437647058824
860	0.437209302326
870	0.436781609195
880	0.434090909091
890	0.43595505618
900	0.434444444444
910	0.434065934066
920	0.435869565217
930	0.436559139785
940	0.43829787234
950	0.438947368421
960	0.440625
970	0.439175257732
980	0.438775510204
990	0.439393939394
1000	0.438
1100	0.438181818182
1200	0.435
1300	0.435384615385
1400	0.440714285714
1500	0.433333333333
1600	0.4375
1700	0.444705882353
1800	0.443888888889
1900	0.446315789474
2000	0.447
2100	0.446666666667
2200	0.448181818182
2300	0.45
2400	0.449166666667
2500	0.4508
2600	0.452307692308
2700	0.454074074074
2800	0.455
2900	0.451379310345
3000	0.452666666667
3100	0.456774193548
3200	0.458125
3300	0.459696969697
3400	0.462647058824
3500	0.462285714286
3600	0.464444444444
3700	0.464864864865
3800	0.464736842105
3900	0.466666666667
4000	0.466
4100	0.467073170732
4200	0.466666666667
4300	0.467209302326
4400	0.468181818182
4500	0.469333333333
4600	0.469565217391
4700	0.468936170213
4800	0.469375
4900	0.469183673469
5000	0.4692
5100	0.470588235294
5200	0.471538461538
5300	0.472452830189
5400	0.472407407407
5500	0.472727272727
5600	0.47375
5700	0.474385964912
5800	0.476206896552
5900	0.476440677966
6000	0.477
6100	0.476885245902
6200	0.476612903226
6300	0.476825396825
6400	0.47703125
6500	0.477230769231
6600	0.47803030303
6700	0.479104477612
6800	0.480441176471
6900	0.48231884058
7000	0.483
7100	0.483802816901
7200	0.484444444444
7300	0.485068493151
7400	0.485540540541
7500	0.486533333333
7600	0.486710526316
7700	0.488571428571
7800	0.489487179487
7900	0.489367088608
8000	0.489125
8100	0.489012345679
8200	0.489390243902
8300	0.490361445783
8400	0.490357142857
8500	0.491294117647
8600	0.492790697674
8700	0.493908045977
8800	0.494204545455
8900	0.493707865169
9000	0.494777777778
9100	0.494945054945
9200	0.495760869565
9300	0.496666666667
9400	0.497127659574
9500	0.497368421053
9600	0.4978125
9700	0.49824742268
9800	0.498367346939
9900	0.499494949495
10000	0.4999
11000	0.501727272727
12000	0.50525
13000	0.506230769231
14000	0.508642857143
15000	0.509933333333
16000	0.5095
17000	0.511411764706
18000	0.513444444444
19000	0.514789473684
20000	0.51675
21000	0.517238095238
22000	0.517045454545
23000	0.517434782609
24000	0.517708333333
25000	0.517
26000	0.517615384615
27000	0.518518518519
28000	0.519464285714
29000	0.519551724138
30000	0.5203
31000	0.521677419355
32000	0.5215
33000	0.521757575758
34000	0.523117647059
35000	0.524114285714
36000	0.524555555556
37000	0.524783783784
38000	0.525052631579
39000	0.525282051282
40000	0.525975
41000	0.526048780488
42000	0.526642857143
43000	0.526697674419
44000	0.526568181818
45000	0.526866666667
46000	0.526956521739
47000	0.528021276596
48000	0.529083333333
49000	0.529285714286
50000	0.52944
51000	0.530235294118
52000	0.530903846154
53000	0.531962264151
54000	0.531740740741
55000	0.532472727273
56000	0.532785714286
57000	0.533228070175
58000	0.533448275862
59000	0.533983050847
60000	0.5343
61000	0.534655737705
62000	0.535096774194
63000	0.535825396825
64000	0.536
65000	0.5364
66000	0.536803030303
67000	0.537179104478
68000	0.537308823529
69000	0.538
70000	0.538285714286
71000	0.538690140845
72000	0.539291666667
73000	0.539671232877
74000	0.540135135135
75000	0.540146666667
76000	0.540565789474
77000	0.541025974026
78000	0.541423076923
79000	0.541670886076
80000	0.541775
81000	0.542308641975
82000	0.542475609756
83000	0.543036144578
84000	0.543654761905
85000	0.543976470588
86000	0.544325581395
87000	0.544275862069
88000	0.5445
89000	0.544719101124
90000	0.545244444444
91000	0.545626373626
92000	0.545945652174
93000	0.546258064516
94000	0.546212765957
95000	0.546473684211
96000	0.546520833333
97000	0.546835051546
98000	0.54706122449
99000	0.547414141414
100000	0.54796
110000	0.550872727273
120000	0.554008333333
130000	0.556684615385
140000	0.559235714286
150000	0.561453333333
160000	0.56398125
170000	0.565741176471
180000	0.567727777778
190000	0.569142105263
200000	0.57152
