0	0
1	1.0
2	1.0
3	0.666666666667
4	0.5
5	0.6
6	0.666666666667
7	0.571428571429
8	0.625
9	0.666666666667
10	0.7
11	0.636363636364
12	0.666666666667
13	0.615384615385
14	0.571428571429
15	0.533333333333
16	0.5625
17	0.529411764706
18	0.555555555556
19	0.526315789474
20	0.5
21	0.47619047619
22	0.5
23	0.478260869565
24	0.458333333333
25	0.44
26	0.461538461538
27	0.481481481481
28	0.464285714286
29	0.448275862069
30	0.433333333333
31	0.41935483871
32	0.40625
33	0.424242424242
34	0.411764705882
35	0.4
36	0.388888888889
37	0.378378378378
38	0.394736842105
39	0.384615384615
40	0.4
41	0.414634146341
42	0.428571428571
43	0.418604651163
44	0.409090909091
45	0.422222222222
46	0.434782608696
47	0.425531914894
48	0.416666666667
49	0.408163265306
50	0.4
51	0.411764705882
52	0.423076923077
53	0.433962264151
54	0.425925925926
55	0.418181818182
56	0.410714285714
57	0.40350877193
58	0.413793103448
59	0.406779661017
60	0.416666666667
61	0.409836065574
62	0.403225806452
63	0.412698412698
64	0.40625
65	0.4
66	0.409090909091
67	0.402985074627
68	0.397058823529
69	0.405797101449
70	0.414285714286
71	0.408450704225
72	0.416666666667
73	0.424657534247
74	0.418918918919
75	0.426666666667
76	0.434210526316
77	0.428571428571
78	0.435897435897
79	0.430379746835
80	0.425
81	0.41975308642
82	0.414634146341
83	0.409638554217
84	0.416666666667
85	0.423529411765
86	0.43023255814
87	0.425287356322
88	0.420454545455
89	0.426966292135
90	0.422222222222
91	0.428571428571
92	0.423913043478
93	0.430107526882
94	0.436170212766
95	0.431578947368
96	0.427083333333
97	0.432989690722
98	0.438775510204
99	0.434343434343
100	0.44
110	0.472727272727
120	0.475
130	0.453846153846
140	0.457142857143
150	0.446666666667
160	0.45
170	0.441176470588
180	0.438888888889
190	0.452631578947
200	0.44
210	0.447619047619
220	0.445454545455
230	0.447826086957
240	0.454166666667
250	0.452
260	0.461538461538
270	0.459259259259
280	0.45
290	0.455172413793
300	0.456666666667
310	0.461290322581
320	0.459375
330	0.451515151515
340	0.45
350	0.445714285714
360	0.444444444444
370	0.443243243243
380	0.439473684211
390	0.441025641026
400	0.4475
410	0.448780487805
420	0.457142857143
430	0.458139534884
440	0.459090909091
450	0.46
460	0.454347826087
470	0.455319148936
480	0.460416666667
490	0.465306122449
500	0.462
510	0.464705882353
520	0.465384615385
530	0.466037735849
540	0.468518518519
550	0.465454545455
560	0.464285714286
570	0.466666666667
580	0.46724137931
590	0.471186440678
600	0.468333333333
610	0.46393442623
620	0.467741935484
630	0.469841269841
640	0.4703125
650	0.469230769231
660	0.472727272727
670	0.473134328358
680	0.473529411765
690	0.475362318841
700	0.477142857143
710	0.478873239437
720	0.480555555556
730	0.479452054795
740	0.477027027027
750	0.478666666667
760	0.482894736842
770	0.484415584416
780	0.484615384615
790	0.484810126582
800	0.48875
810	0.488888888889
820	0.489024390244
830	0.49156626506
840	0.492857142857
850	0.495294117647
860	0.495348837209
870	0.494252873563
880	0.494318181818
890	0.492134831461
900	0.492222222222
910	0.493406593407
920	0.495652173913
930	0.494623655914
940	0.496808510638
950	0.495789473684
960	0.498958333333
970	0.496907216495
980	0.49693877551
990	0.49797979798
1000	0.497
1100	0.500909090909
1200	0.4975
1300	0.496923076923
1400	0.494285714286
1500	0.492666666667
1600	0.49375
1700	0.489411764706
1800	0.483888888889
1900	0.480526315789
2000	0.4835
2100	0.480476190476
2200	0.480454545455
2300	0.487391304348
2400	0.490416666667
2500	0.492
2600	0.492692307692
2700	0.493703703704
2800	0.492142857143
2900	0.493103448276
3000	0.496
3100	0.498387096774
3200	0.4975
3300	0.497575757576
3400	0.498235294118
3500	0.498857142857
3600	0.499722222222
3700	0.500540540541
3800	0.501052631579
3900	0.501282051282
4000	0.501
4100	0.500487804878
4200	0.502619047619
4300	0.501860465116
4400	0.501818181818
4500	0.502444444444
4600	0.50152173913
4700	0.500638297872
4800	0.500208333333
4900	0.500816326531
5000	0.5026
5100	0.503137254902
5200	0.503076923077
5300	0.502452830189
5400	0.502962962963
5500	0.502909090909
5600	0.501785714286
5700	0.502631578947
5800	0.50275862069
5900	0.502033898305
6000	0.501833333333
6100	0.499836065574
6200	0.500806451613
6300	0.499047619048
6400	0.49890625
6500	0.499846153846
6600	0.498787878788
6700	0.499253731343
6800	0.498970588235
6900	0.497971014493
7000	0.497714285714
7100	0.497042253521
7200	0.496388888889
7300	0.496712328767
7400	0.497162162162
7500	0.4976
7600	0.497105263158
7700	0.498441558442
7800	0.498974358974
7900	0.500253164557
8000	0.5005
8100	0.500987654321
8200	0.500731707317
8300	0.500361445783
8400	0.500119047619
8500	0.500235294118
8600	0.50023255814
8700	0.500804597701
8800	0.500795454545
8900	0.501797752809
9000	0.501222222222
9100	0.501318681319
9200	0.501630434783
9300	0.501505376344
9400	0.502340425532
9500	0.503157894737
9600	0.502916666667
9700	0.501855670103
9800	0.501836734694
9900	0.502424242424
10000	0.502
11000	0.503636363636
12000	0.50275
13000	0.503846153846
14000	0.504857142857
15000	0.504466666667
16000	0.50225
17000	0.502647058824
18000	0.502388888889
19000	0.502473684211
20000	0.5029
21000	0.503619047619
22000	0.503863636364
23000	0.504
24000	0.504291666667
25000	0.50352
26000	0.503230769231
27000	0.502111111111
28000	0.503
29000	0.502103448276
30000	0.5028
31000	0.503193548387
32000	0.50334375
33000	0.502939393939
34000	0.503205882353
35000	0.503114285714
36000	0.502666666667
37000	0.502864864865
38000	0.502736842105
39000	0.503384615385
40000	0.5031
41000	0.503756097561
42000	0.503833333333
43000	0.503651162791
44000	0.502931818182
45000	0.502555555556
46000	0.502260869565
47000	0.501744680851
48000	0.501875
49000	0.50187755102
50000	0.50238
51000	0.502666666667
52000	0.502326923077
53000	0.502452830189
54000	0.501888888889
55000	0.501672727273
56000	0.501696428571
57000	0.501403508772
58000	0.501155172414
59000	0.501338983051
60000	0.501033333333
61000	0.501295081967
62000	0.50114516129
63000	0.501555555556
64000	0.501296875
65000	0.501353846154
66000	0.501242424242
67000	0.501343283582
68000	0.501088235294
69000	0.500855072464
70000	0.501257142857
71000	0.501
72000	0.501027777778
73000	0.501383561644
74000	0.501554054054
75000	0.50156
76000	0.501144736842
77000	0.501363636364
78000	0.501551282051
79000	0.50153164557
80000	0.5013625
81000	0.501358024691
82000	0.501463414634
83000	0.501481927711
84000	0.501011904762
85000	0.501105882353
86000	0.501313953488
87000	0.501287356322
88000	0.501488636364
89000	0.501213483146
90000	0.501133333333
91000	0.500802197802
92000	0.500956521739
93000	0.500784946237
94000	0.500893617021
95000	0.500884210526
96000	0.500270833333
97000	0.500257731959
98000	0.500418367347
99000	0.500070707071
100000	0.49994
110000	0.499736363636
120000	0.4997
130000	0.4998
140000	0.499514285714
150000	0.499333333333
160000	0.499075
170000	0.498735294118
180000	0.499733333333
190000	0.499742105263
200000	0.49985
210000	0.499671428571
220000	0.499672727273
230000	0.5
240000	0.499904166667
250000	0.49996
260000	0.49955
270000	0.499262962963
280000	0.499464285714
290000	0.499493103448
300000	0.499733333333
310000	0.499390322581
320000	0.499178125
330000	0.499266666667
340000	0.499497058824
350000	0.49934
360000	0.49915
370000	0.499037837838
380000	0.498989473684
390000	0.498897435897
400000	0.498815
410000	0.499180487805
420000	0.499097619048
430000	0.499148837209
440000	0.499140909091
450000	0.498926666667
460000	0.498893478261
470000	0.498936170213
480000	0.498866666667
490000	0.498808163265
500000	0.498914
510000	0.498901960784
520000	0.498861538462
530000	0.498705660377
540000	0.498733333333
550000	0.49874
560000	0.498708928571
570000	0.49881754386
580000	0.498794827586
590000	0.498877966102
600000	0.498903333333
610000	0.498973770492
620000	0.498841935484
630000	0.498787301587
640000	0.498790625
650000	0.498864615385
660000	0.498913636364
670000	0.498926865672
680000	0.498883823529
690000	0.498952173913
700000	0.49889
710000	0.498811267606
720000	0.498969444444
730000	0.499028767123
740000	0.49902972973
750000	0.499136
760000	0.499123684211
770000	0.499136363636
780000	0.499282051282
790000	0.499286075949
800000	0.49929625
810000	0.499191358025
820000	0.499191463415
830000	0.499213253012
840000	0.499126190476
850000	0.499069411765
860000	0.499070930233
870000	0.498963218391
880000	0.4989
890000	0.498914606742
900000	0.499037777778
910000	0.499128571429
920000	0.499148913043
930000	0.499107526882
940000	0.499123404255
950000	0.499185263158
960000	0.499266666667
970000	0.499231958763
980000	0.499239795918
990000	0.499260606061
1000000	0.499267
