0	0
1	0.0
2	0.5
3	0.333333333333
4	0.5
5	0.6
6	0.666666666667
7	0.571428571429
8	0.5
9	0.444444444444
10	0.5
11	0.454545454545
12	0.5
13	0.461538461538
14	0.428571428571
15	0.4
16	0.4375
17	0.470588235294
18	0.444444444444
19	0.421052631579
20	0.4
21	0.380952380952
22	0.409090909091
23	0.391304347826
24	0.416666666667
25	0.44
26	0.461538461538
27	0.481481481481
28	0.464285714286
29	0.48275862069
30	0.466666666667
31	0.451612903226
32	0.46875
33	0.484848484848
34	0.5
35	0.485714285714
36	0.472222222222
37	0.486486486486
38	0.473684210526
39	0.461538461538
40	0.475
41	0.463414634146
42	0.47619047619
43	0.46511627907
44	0.454545454545
45	0.444444444444
46	0.45652173913
47	0.468085106383
48	0.479166666667
49	0.469387755102
50	0.46
51	0.470588235294
52	0.480769230769
53	0.471698113208
54	0.462962962963
55	0.472727272727
56	0.464285714286
57	0.456140350877
58	0.448275862069
59	0.457627118644
60	0.45
61	0.44262295082
62	0.435483870968
63	0.428571428571
64	0.421875
65	0.430769230769
66	0.439393939394
67	0.432835820896
68	0.441176470588
69	0.449275362319
70	0.457142857143
71	0.464788732394
72	0.458333333333
73	0.465753424658
74	0.459459459459
75	0.466666666667
76	0.460526315789
77	0.454545454545
78	0.461538461538
79	0.46835443038
80	0.475
81	0.481481481481
82	0.475609756098
83	0.469879518072
84	0.47619047619
85	0.482352941176
86	0.488372093023
87	0.494252873563
88	0.5
89	0.494382022472
90	0.488888888889
91	0.483516483516
92	0.478260869565
93	0.483870967742
94	0.478723404255
95	0.484210526316
96	0.479166666667
97	0.474226804124
98	0.479591836735
99	0.484848484848
100	0.49
110	0.463636363636
120	0.475
130	0.492307692308
140	0.492857142857
150	0.486666666667
160	0.48125
170	0.494117647059
180	0.511111111111
190	0.510526315789
200	0.51
210	0.5
220	0.490909090909
230	0.5
240	0.491666666667
250	0.488
260	0.484615384615
270	0.474074074074
280	0.475
290	0.479310344828
300	0.473333333333
310	0.474193548387
320	0.478125
330	0.472727272727
340	0.470588235294
350	0.471428571429
360	0.472222222222
370	0.475675675676
380	0.481578947368
390	0.479487179487
400	0.48
410	0.480487804878
420	0.478571428571
430	0.479069767442
440	0.479545454545
450	0.484444444444
460	0.482608695652
470	0.485106382979
480	0.483333333333
490	0.481632653061
500	0.482
510	0.482352941176
520	0.484615384615
530	0.483018867925
540	0.47962962963
550	0.478181818182
560	0.475
570	0.471929824561
580	0.472413793103
590	0.471186440678
600	0.47
610	0.473770491803
620	0.470967741935
630	0.471428571429
640	0.475
650	0.475384615385
660	0.472727272727
670	0.479104477612
680	0.476470588235
690	0.476811594203
700	0.472857142857
710	0.47323943662
720	0.475
730	0.469863013699
740	0.467567567568
750	0.462666666667
760	0.463157894737
770	0.467532467532
780	0.466666666667
790	0.46582278481
800	0.46875
810	0.466666666667
820	0.467073170732
830	0.466265060241
840	0.466666666667
850	0.465882352941
860	0.462790697674
870	0.46091954023
880	0.460227272727
890	0.459550561798
900	0.458888888889
910	0.462637362637
920	0.460869565217
930	0.459139784946
940	0.459574468085
950	0.461052631579
960	0.463541666667
970	0.467010309278
980	0.470408163265
990	0.468686868687
1000	0.466
1100	0.468181818182
1200	0.463333333333
1300	0.463076923077
1400	0.466428571429
1500	0.464666666667
1600	0.465
1700	0.466470588235
1800	0.463888888889
1900	0.465263157895
2000	0.464
2100	0.460952380952
2200	0.463636363636
2300	0.463913043478
2400	0.462916666667
2500	0.466
2600	0.463461538462
2700	0.464444444444
2800	0.467857142857
2900	0.468620689655
3000	0.469333333333
3100	0.468387096774
3200	0.469375
3300	0.468484848485
3400	0.468235294118
3500	0.466571428571
3600	0.466666666667
3700	0.464594594595
3800	0.465526315789
3900	0.46358974359
4000	0.462
4100	0.460731707317
4200	0.460952380952
4300	0.46
4400	0.462272727273
4500	0.462888888889
4600	0.460652173913
4700	0.460638297872
4800	0.46
4900	0.461836734694
5000	0.4614
5100	0.461960784314
5200	0.461730769231
5300	0.461132075472
5400	0.460740740741
5500	0.461818181818
5600	0.462857142857
5700	0.462280701754
5800	0.462413793103
5900	0.462033898305
6000	0.4625
6100	0.463770491803
6200	0.464032258065
6300	0.464603174603
6400	0.46484375
6500	0.465230769231
6600	0.466060606061
6700	0.467014925373
6800	0.467352941176
6900	0.467391304348
7000	0.466428571429
7100	0.467183098592
7200	0.467083333333
7300	0.467534246575
7400	0.468108108108
7500	0.468133333333
7600	0.468947368421
7700	0.469090909091
7800	0.47
7900	0.470379746835
8000	0.469625
8100	0.468888888889
8200	0.46987804878
8300	0.470481927711
8400	0.470476190476
8500	0.469882352941
8600	0.470465116279
8700	0.47091954023
8800	0.470681818182
8900	0.470674157303
9000	0.471444444444
9100	0.471648351648
9200	0.472608695652
9300	0.472365591398
9400	0.472659574468
9500	0.472105263158
9600	0.4715625
9700	0.471340206186
9800	0.471224489796
9900	0.470101010101
10000	0.4689
11000	0.469727272727
12000	0.469416666667
13000	0.469692307692
14000	0.469428571429
15000	0.4694
16000	0.470375
17000	0.471176470588
18000	0.471444444444
19000	0.472578947368
20000	0.47155
21000	0.47180952381
22000	0.472545454545
23000	0.472086956522
24000	0.472791666667
25000	0.47384
26000	0.474692307692
27000	0.475925925926
28000	0.477071428571
29000	0.47775862069
30000	0.478366666667
31000	0.478483870968
32000	0.47896875
33000	0.479333333333
34000	0.479117647059
35000	0.479685714286
36000	0.479166666667
37000	0.479324324324
38000	0.479526315789
39000	0.479794871795
40000	0.4801
41000	0.480634146341
42000	0.481047619048
43000	0.481720930233
44000	0.481931818182
45000	0.481933333333
46000	0.481565217391
47000	0.482361702128
48000	0.48225
49000	0.482693877551
50000	0.48324
51000	0.483960784314
52000	0.484192307692
53000	0.48441509434
54000	0.484833333333
55000	0.485163636364
56000	0.485607142857
57000	0.48550877193
58000	0.485724137931
59000	0.486271186441
60000	0.486833333333
61000	0.487032786885
62000	0.487129032258
63000	0.487571428571
64000	0.487796875
65000	0.487615384615
66000	0.487651515152
67000	0.487656716418
68000	0.488411764706
69000	0.488492753623
70000	0.488871428571
71000	0.488450704225
72000	0.488819444444
73000	0.488589041096
74000	0.488864864865
75000	0.489093333333
76000	0.489065789474
77000	0.489532467532
78000	0.489692307692
79000	0.490227848101
80000	0.4905875
81000	0.49075308642
82000	0.490865853659
83000	0.490807228916
84000	0.490988095238
85000	0.490858823529
86000	0.490906976744
87000	0.491172413793
88000	0.491454545455
89000	0.491696629213
90000	0.492055555556
91000	0.492318681319
92000	0.492336956522
93000	0.49235483871
94000	0.492606382979
95000	0.492652631579
96000	0.4926875
97000	0.492855670103
98000	0.493275510204
99000	0.493444444444
100000	0.49375
110000	0.496345454545
120000	0.497775
130000	0.499023076923
140000	0.500335714286
150000	0.501266666667
160000	0.50231875
170000	0.503158823529
180000	0.504577777778
190000	0.505384210526
200000	0.506255
