0	0
1	1.0
2	0.5
3	0.333333333333
4	0.5
5	0.6
6	0.666666666667
7	0.714285714286
8	0.625
9	0.555555555556
10	0.6
11	0.545454545455
12	0.583333333333
13	0.615384615385
14	0.642857142857
15	0.666666666667
16	0.625
17	0.588235294118
18	0.611111111111
19	0.578947368421
20	0.55
21	0.571428571429
22	0.590909090909
23	0.608695652174
24	0.625
25	0.64
26	0.615384615385
27	0.62962962963
28	0.642857142857
29	0.620689655172
30	0.6
31	0.612903225806
32	0.59375
33	0.606060606061
34	0.588235294118
35	0.571428571429
36	0.583333333333
37	0.567567567568
38	0.578947368421
39	0.589743589744
40	0.575
41	0.585365853659
42	0.571428571429
43	0.581395348837
44	0.590909090909
45	0.577777777778
46	0.586956521739
47	0.574468085106
48	0.5625
49	0.551020408163
50	0.54
51	0.549019607843
52	0.557692307692
53	0.566037735849
54	0.555555555556
55	0.563636363636
56	0.553571428571
57	0.543859649123
58	0.534482758621
59	0.542372881356
60	0.533333333333
61	0.540983606557
62	0.532258064516
63	0.539682539683
64	0.546875
65	0.538461538462
66	0.545454545455
67	0.55223880597
68	0.544117647059
69	0.550724637681
70	0.557142857143
71	0.549295774648
72	0.555555555556
73	0.547945205479
74	0.540540540541
75	0.546666666667
76	0.552631578947
77	0.558441558442
78	0.551282051282
79	0.544303797468
80	0.5375
81	0.543209876543
82	0.548780487805
83	0.542168674699
84	0.547619047619
85	0.552941176471
86	0.558139534884
87	0.563218390805
88	0.556818181818
89	0.561797752809
90	0.555555555556
91	0.56043956044
92	0.565217391304
93	0.569892473118
94	0.563829787234
95	0.557894736842
96	0.5625
97	0.556701030928
98	0.561224489796
99	0.565656565657
100	0.56
110	0.536363636364
120	0.55
130	0.530769230769
140	0.535714285714
150	0.52
160	0.5
170	0.511764705882
180	0.511111111111
190	0.515789473684
200	0.52
210	0.52380952381
220	0.522727272727
230	0.517391304348
240	0.5125
250	0.508
260	0.511538461538
270	0.511111111111
280	0.507142857143
290	0.506896551724
300	0.496666666667
310	0.496774193548
320	0.503125
330	0.493939393939
340	0.497058823529
350	0.491428571429
360	0.491666666667
370	0.491891891892
380	0.492105263158
390	0.489743589744
400	0.495
410	0.5
420	0.497619047619
430	0.495348837209
440	0.490909090909
450	0.484444444444
460	0.478260869565
470	0.478723404255
480	0.477083333333
490	0.475510204082
500	0.476
510	0.474509803922
520	0.471153846154
530	0.471698113208
540	0.474074074074
550	0.48
560	0.480357142857
570	0.478947368421
580	0.481034482759
590	0.481355932203
600	0.481666666667
610	0.481967213115
620	0.479032258065
630	0.477777777778
640	0.478125
650	0.476923076923
660	0.480303030303
670	0.479104477612
680	0.477941176471
690	0.479710144928
700	0.478571428571
710	0.478873239437
720	0.479166666667
730	0.479452054795
740	0.47972972973
750	0.477333333333
760	0.477631578947
770	0.475324675325
780	0.474358974359
790	0.474683544304
800	0.475
810	0.475308641975
820	0.475609756098
830	0.477108433735
840	0.477380952381
850	0.477647058824
860	0.479069767442
870	0.47816091954
880	0.478409090909
890	0.480898876404
900	0.482222222222
910	0.481318681319
920	0.48152173913
930	0.481720430108
940	0.485106382979
950	0.482105263158
960	0.482291666667
970	0.484536082474
980	0.486734693878
990	0.485858585859
1000	0.487
1100	0.482727272727
1200	0.478333333333
1300	0.478461538462
1400	0.484285714286
1500	0.488
1600	0.485
1700	0.485882352941
1800	0.486111111111
1900	0.488421052632
2000	0.489
2100	0.48619047619
2200	0.485909090909
2300	0.488695652174
2400	0.487916666667
2500	0.4876
2600	0.490769230769
2700	0.493703703704
2800	0.491785714286
2900	0.491034482759
3000	0.489
3100	0.490322580645
3200	0.4915625
3300	0.492121212121
3400	0.490588235294
3500	0.491142857143
3600	0.489444444444
3700	0.488648648649
3800	0.49
3900	0.489487179487
4000	0.4885
4100	0.49
4200	0.49119047619
4300	0.491162790698
4400	0.491818181818
4500	0.490444444444
4600	0.490434782609
4700	0.489787234043
4800	0.489791666667
4900	0.489387755102
5000	0.4888
5100	0.488431372549
5200	0.49
5300	0.491320754717
5400	0.490925925926
5500	0.49
5600	0.49
5700	0.491052631579
5800	0.491034482759
5900	0.49186440678
6000	0.492333333333
6100	0.493278688525
6200	0.493387096774
6300	0.495079365079
6400	0.49453125
6500	0.494923076923
6600	0.494393939394
6700	0.494029850746
6800	0.495
6900	0.495362318841
7000	0.495428571429
7100	0.494647887324
7200	0.495416666667
7300	0.496164383562
7400	0.496891891892
7500	0.496133333333
7600	0.496315789474
7700	0.497402597403
7800	0.497179487179
7900	0.498481012658
8000	0.498875
8100	0.498641975309
8200	0.499146341463
8300	0.498915662651
8400	0.49869047619
8500	0.498705882353
8600	0.499418604651
8700	0.498965517241
8800	0.499886363636
8900	0.500337078652
9000	0.500444444444
9100	0.500549450549
9200	0.500652173913
9300	0.501182795699
9400	0.501170212766
9500	0.502
9600	0.501979166667
9700	0.50175257732
9800	0.501734693878
9900	0.501717171717
10000	0.5021
11000	0.499181818182
12000	0.50075
13000	0.500923076923
14000	0.503142857143
15000	0.502466666667
16000	0.5024375
17000	0.501470588235
18000	0.500388888889
19000	0.500842105263
20000	0.5012
21000	0.500857142857
22000	0.501727272727
23000	0.500956521739
24000	0.500916666667
25000	0.49988
26000	0.500961538462
27000	0.499740740741
28000	0.499535714286
29000	0.499344827586
30000	0.4987
31000	0.499322580645
32000	0.49890625
33000	0.499484848485
34000	0.499735294118
35000	0.499628571429
36000	0.500055555556
37000	0.499702702703
38000	0.499184210526
39000	0.499358974359
40000	0.499925
41000	0.500268292683
42000	0.499642857143
43000	0.499651162791
44000	0.49875
45000	0.498288888889
46000	0.498152173913
47000	0.498085106383
48000	0.498354166667
49000	0.498
50000	0.498
51000	0.497843137255
52000	0.497519230769
53000	0.497603773585
54000	0.497888888889
55000	0.497472727273
56000	0.497732142857
57000	0.497614035088
58000	0.497810344828
59000	0.498423728814
60000	0.49865
61000	0.498327868852
62000	0.498467741935
63000	0.49846031746
64000	0.49859375
65000	0.498784615385
66000	0.498696969697
67000	0.499298507463
68000	0.499735294118
69000	0.499594202899
70000	0.499657142857
71000	0.49985915493
72000	0.499805555556
73000	0.499616438356
74000	0.499364864865
75000	0.499306666667
76000	0.499486842105
77000	0.499623376623
78000	0.499320512821
79000	0.499189873418
80000	0.4990875
81000	0.499234567901
82000	0.49893902439
83000	0.498975903614
84000	0.498678571429
85000	0.498541176471
86000	0.498837209302
87000	0.499091954023
88000	0.499227272727
89000	0.499202247191
90000	0.499011111111
91000	0.498901098901
92000	0.498923913043
93000	0.498806451613
94000	0.498734042553
95000	0.498936842105
96000	0.498760416667
97000	0.498587628866
98000	0.498775510204
99000	0.498868686869
100000	0.49892
110000	0.498745454545
120000	0.499441666667
130000	0.499846153846
140000	0.499471428571
150000	0.49968
160000	0.499075
170000	0.498647058824
180000	0.4982
190000	0.498268421053
200000	0.4987
210000	0.498866666667
220000	0.498445454545
230000	0.498543478261
240000	0.4986875
250000	0.498812
260000	0.498626923077
270000	0.498751851852
280000	0.498496428571
290000	0.498344827586
300000	0.49826
310000	0.498083870968
320000	0.497921875
330000	0.497909090909
340000	0.498005882353
350000	0.497762857143
360000	0.497666666667
370000	0.497689189189
380000	0.497942105263
390000	0.497930769231
400000	0.4979475
410000	0.497987804878
420000	0.497954761905
430000	0.49783255814
440000	0.497702272727
450000	0.497822222222
460000	0.497713043478
470000	0.497763829787
480000	0.49774375
490000	0.497785714286
500000	0.49775
510000	0.49767254902
520000	0.497603846154
530000	0.497633962264
540000	0.497805555556
550000	0.497729090909
560000	0.497723214286
570000	0.497754385965
580000	0.497725862069
590000	0.497576271186
600000	0.497483333333
610000	0.497467213115
620000	0.497427419355
630000	0.497477777778
640000	0.4973734375
650000	0.497398461538
660000	0.497403030303
670000	0.497407462687
680000	0.497426470588
690000	0.497517391304
700000	0.497578571429
710000	0.497612676056
720000	0.497555555556
730000	0.497536986301
740000	0.497585135135
750000	0.49752
760000	0.497653947368
770000	0.497649350649
780000	0.497597435897
790000	0.497582278481
800000	0.49757625
810000	0.497567901235
820000	0.497591463415
830000	0.497646987952
840000	0.497682142857
850000	0.497642352941
860000	0.497723255814
870000	0.497770114943
880000	0.4976625
890000	0.49767752809
900000	0.497718888889
910000	0.497698901099
920000	0.497657608696
930000	0.497665591398
940000	0.497722340426
950000	0.497774736842
960000	0.49779375
970000	0.497783505155
980000	0.497718367347
990000	0.497734343434
1000000	0.497745
