0	0
1	1.0
2	1.0
3	1.0
4	1.0
5	1.0
6	1.0
7	0.857142857143
8	0.875
9	0.888888888889
10	0.8
11	0.818181818182
12	0.833333333333
13	0.769230769231
14	0.714285714286
15	0.666666666667
16	0.6875
17	0.647058823529
18	0.611111111111
19	0.578947368421
20	0.55
21	0.52380952381
22	0.5
23	0.521739130435
24	0.541666666667
25	0.56
26	0.538461538462
27	0.555555555556
28	0.571428571429
29	0.586206896552
30	0.566666666667
31	0.58064516129
32	0.5625
33	0.545454545455
34	0.529411764706
35	0.514285714286
36	0.527777777778
37	0.540540540541
38	0.526315789474
39	0.538461538462
40	0.55
41	0.536585365854
42	0.547619047619
43	0.558139534884
44	0.545454545455
45	0.533333333333
46	0.521739130435
47	0.510638297872
48	0.520833333333
49	0.530612244898
50	0.52
51	0.529411764706
52	0.519230769231
53	0.509433962264
54	0.5
55	0.509090909091
56	0.517857142857
57	0.508771929825
58	0.5
59	0.508474576271
60	0.5
61	0.491803278689
62	0.483870967742
63	0.492063492063
64	0.484375
65	0.476923076923
66	0.469696969697
67	0.462686567164
68	0.455882352941
69	0.463768115942
70	0.471428571429
71	0.464788732394
72	0.458333333333
73	0.452054794521
74	0.445945945946
75	0.44
76	0.447368421053
77	0.454545454545
78	0.448717948718
79	0.443037974684
80	0.4375
81	0.444444444444
82	0.451219512195
83	0.457831325301
84	0.464285714286
85	0.470588235294
86	0.46511627907
87	0.471264367816
88	0.477272727273
89	0.483146067416
90	0.488888888889
91	0.483516483516
92	0.489130434783
93	0.494623655914
94	0.5
95	0.505263157895
96	0.5
97	0.494845360825
98	0.489795918367
99	0.494949494949
100	0.5
110	0.5
120	0.508333333333
130	0.507692307692
140	0.5
150	0.486666666667
160	0.4875
170	0.505882352941
180	0.505555555556
190	0.510526315789
200	0.5
210	0.5
220	0.5
230	0.491304347826
240	0.483333333333
250	0.48
260	0.480769230769
270	0.488888888889
280	0.485714285714
290	0.493103448276
300	0.5
310	0.509677419355
320	0.50625
330	0.50303030303
340	0.505882352941
350	0.514285714286
360	0.511111111111
370	0.510810810811
380	0.507894736842
390	0.5
400	0.4925
410	0.492682926829
420	0.488095238095
430	0.495348837209
440	0.490909090909
450	0.488888888889
460	0.489130434783
470	0.489361702128
480	0.483333333333
490	0.483673469388
500	0.48
510	0.48431372549
520	0.484615384615
530	0.481132075472
540	0.487037037037
550	0.487272727273
560	0.489285714286
570	0.491228070175
580	0.493103448276
590	0.493220338983
600	0.495
610	0.495081967213
620	0.491935483871
630	0.490476190476
640	0.4890625
650	0.492307692308
660	0.492424242424
670	0.492537313433
680	0.498529411765
690	0.498550724638
700	0.495714285714
710	0.497183098592
720	0.493055555556
730	0.494520547945
740	0.491891891892
750	0.494666666667
760	0.496052631579
770	0.498701298701
780	0.496153846154
790	0.494936708861
800	0.495
810	0.495061728395
820	0.496341463415
830	0.497590361446
840	0.5
850	0.498823529412
860	0.496511627907
870	0.495402298851
880	0.496590909091
890	0.496629213483
900	0.497777777778
910	0.495604395604
920	0.497826086957
930	0.498924731183
940	0.5
950	0.502105263158
960	0.503125
970	0.505154639175
980	0.50612244898
990	0.50404040404
1000	0.506
1100	0.505454545455
1200	0.505
1300	0.503076923077
1400	0.502857142857
1500	0.499333333333
1600	0.5
1700	0.5
1800	0.497777777778
1900	0.492631578947
2000	0.4955
2100	0.495714285714
2200	0.497727272727
2300	0.495217391304
2400	0.488333333333
2500	0.4892
2600	0.490384615385
2700	0.491111111111
2800	0.490357142857
2900	0.488620689655
3000	0.486
3100	0.485483870968
3200	0.4859375
3300	0.486060606061
3400	0.485588235294
3500	0.485428571429
3600	0.484444444444
3700	0.485675675676
3800	0.486842105263
3900	0.489743589744
4000	0.48925
4100	0.488536585366
4200	0.487857142857
4300	0.487906976744
4400	0.487045454545
4500	0.488444444444
4600	0.486956521739
4700	0.487659574468
4800	0.485208333333
4900	0.484897959184
5000	0.486
5100	0.485882352941
5200	0.486538461538
5300	0.485094339623
5400	0.482962962963
5500	0.482363636364
5600	0.481607142857
5700	0.482280701754
5800	0.483620689655
5900	0.482542372881
6000	0.481833333333
6100	0.482950819672
6200	0.483064516129
6300	0.483333333333
6400	0.48234375
6500	0.482615384615
6600	0.48303030303
6700	0.48328358209
6800	0.484117647059
6900	0.48347826087
7000	0.483857142857
7100	0.484084507042
7200	0.483611111111
7300	0.482602739726
7400	0.482432432432
7500	0.483333333333
7600	0.484605263158
7700	0.484545454545
7800	0.483846153846
7900	0.484050632911
8000	0.483375
8100	0.482962962963
8200	0.482195121951
8300	0.482048192771
8400	0.482023809524
8500	0.482470588235
8600	0.482790697674
8700	0.482298850575
8800	0.482386363636
8900	0.48191011236
9000	0.482
9100	0.481758241758
9200	0.481847826087
9300	0.482580645161
9400	0.482234042553
9500	0.482210526316
9600	0.481770833333
9700	0.481443298969
9800	0.480816326531
9900	0.48101010101
10000	0.4806
11000	0.481272727273
12000	0.480666666667
13000	0.480307692308
14000	0.478714285714
15000	0.4792
16000	0.4785
17000	0.478176470588
18000	0.478777777778
19000	0.479842105263
20000	0.47895
21000	0.479
22000	0.479090909091
23000	0.479347826087
24000	0.480333333333
25000	0.47976
26000	0.479807692308
27000	0.479259259259
28000	0.4785
29000	0.478655172414
30000	0.479
31000	0.479322580645
32000	0.4790625
33000	0.478727272727
34000	0.479176470588
35000	0.479342857143
36000	0.479027777778
37000	0.478837837838
38000	0.479184210526
39000	0.47941025641
40000	0.478875
41000	0.479756097561
42000	0.480238095238
43000	0.479255813953
44000	0.479022727273
45000	0.479311111111
46000	0.479108695652
47000	0.479191489362
48000	0.479416666667
49000	0.479448979592
50000	0.47982
51000	0.479921568627
52000	0.4805
53000	0.479981132075
54000	0.480666666667
55000	0.481218181818
56000	0.481446428571
57000	0.481649122807
58000	0.481293103448
59000	0.481271186441
60000	0.4814
61000	0.481573770492
62000	0.481370967742
63000	0.481587301587
64000	0.481765625
65000	0.481969230769
66000	0.481909090909
67000	0.482089552239
68000	0.482058823529
69000	0.482376811594
70000	0.482557142857
71000	0.482450704225
72000	0.482583333333
73000	0.482534246575
74000	0.482324324324
75000	0.48216
76000	0.481815789474
77000	0.482116883117
78000	0.482153846154
79000	0.482151898734
80000	0.48215
81000	0.481888888889
82000	0.481756097561
83000	0.482072289157
84000	0.482178571429
85000	0.482341176471
86000	0.482302325581
87000	0.482126436782
88000	0.482113636364
89000	0.482202247191
90000	0.482144444444
91000	0.48232967033
92000	0.482576086957
93000	0.482483870968
94000	0.482574468085
95000	0.482452631579
96000	0.482177083333
97000	0.482237113402
98000	0.481969387755
99000	0.482070707071
100000	0.48197
110000	0.482163636364
120000	0.4832
130000	0.483992307692
140000	0.484264285714
150000	0.484873333333
160000	0.48536875
170000	0.486317647059
180000	0.487
190000	0.488226315789
200000	0.48929
