0	0
1	0.0
2	0.0
3	0.0
4	0.0
5	0.2
6	0.166666666667
7	0.142857142857
8	0.125
9	0.222222222222
10	0.2
11	0.272727272727
12	0.333333333333
13	0.307692307692
14	0.357142857143
15	0.4
16	0.375
17	0.411764705882
18	0.444444444444
19	0.421052631579
20	0.4
21	0.380952380952
22	0.363636363636
23	0.347826086957
24	0.333333333333
25	0.32
26	0.346153846154
27	0.333333333333
28	0.321428571429
29	0.344827586207
30	0.366666666667
31	0.354838709677
32	0.375
33	0.393939393939
34	0.382352941176
35	0.4
36	0.416666666667
37	0.432432432432
38	0.421052631579
39	0.435897435897
40	0.425
41	0.414634146341
42	0.428571428571
43	0.441860465116
44	0.454545454545
45	0.444444444444
46	0.434782608696
47	0.446808510638
48	0.4375
49	0.428571428571
50	0.44
51	0.43137254902
52	0.423076923077
53	0.433962264151
54	0.425925925926
55	0.418181818182
56	0.410714285714
57	0.421052631579
58	0.413793103448
59	0.423728813559
60	0.416666666667
61	0.426229508197
62	0.41935483871
63	0.428571428571
64	0.421875
65	0.430769230769
66	0.439393939394
67	0.432835820896
68	0.426470588235
69	0.420289855072
70	0.428571428571
71	0.43661971831
72	0.430555555556
73	0.424657534247
74	0.432432432432
75	0.44
76	0.434210526316
77	0.428571428571
78	0.423076923077
79	0.430379746835
80	0.4375
81	0.432098765432
82	0.439024390244
83	0.44578313253
84	0.440476190476
85	0.435294117647
86	0.441860465116
87	0.448275862069
88	0.443181818182
89	0.438202247191
90	0.433333333333
91	0.43956043956
92	0.445652173913
93	0.440860215054
94	0.436170212766
95	0.442105263158
96	0.4375
97	0.443298969072
98	0.438775510204
99	0.444444444444
100	0.44
110	0.463636363636
120	0.475
130	0.469230769231
140	0.471428571429
150	0.473333333333
160	0.475
170	0.476470588235
180	0.466666666667
190	0.457894736842
200	0.465
210	0.471428571429
220	0.454545454545
230	0.469565217391
240	0.466666666667
250	0.476
260	0.476923076923
270	0.481481481481
280	0.478571428571
290	0.475862068966
300	0.476666666667
310	0.474193548387
320	0.471875
330	0.472727272727
340	0.464705882353
350	0.471428571429
360	0.475
370	0.475675675676
380	0.476315789474
390	0.476923076923
400	0.4775
410	0.473170731707
420	0.483333333333
430	0.490697674419
440	0.490909090909
450	0.484444444444
460	0.491304347826
470	0.485106382979
480	0.4875
490	0.491836734694
500	0.498
510	0.496078431373
520	0.490384615385
530	0.490566037736
540	0.488888888889
550	0.492727272727
560	0.496428571429
570	0.49649122807
580	0.5
590	0.498305084746
600	0.496666666667
610	0.496721311475
620	0.495161290323
630	0.493650793651
640	0.4921875
650	0.492307692308
660	0.493939393939
670	0.49552238806
680	0.498529411765
690	0.5
700	0.5
710	0.498591549296
720	0.497222222222
730	0.497260273973
740	0.495945945946
750	0.498666666667
760	0.5
770	0.5
780	0.505128205128
790	0.50253164557
800	0.50125
810	0.5
820	0.496341463415
830	0.495180722892
840	0.491666666667
850	0.491764705882
860	0.493023255814
870	0.491954022989
880	0.490909090909
890	0.493258426966
900	0.491111111111
910	0.493406593407
920	0.49347826087
930	0.491397849462
940	0.490425531915
950	0.490526315789
960	0.491666666667
970	0.49175257732
980	0.494897959184
990	0.49595959596
1000	0.495
1100	0.491818181818
1200	0.49
1300	0.490769230769
1400	0.492142857143
1500	0.495333333333
1600	0.503125
1700	0.505882352941
1800	0.509444444444
1900	0.513684210526
2000	0.5115
2100	0.507619047619
2200	0.505909090909
2300	0.504347826087
2400	0.5075
2500	0.5088
2600	0.51
2700	0.51037037037
2800	0.51
2900	0.510344827586
3000	0.509666666667
3100	0.507741935484
3200	0.50875
3300	0.50696969697
3400	0.506764705882
3500	0.506571428571
3600	0.505833333333
3700	0.506486486486
3800	0.506578947368
3900	0.502820512821
4000	0.50175
4100	0.501951219512
4200	0.501666666667
4300	0.501395348837
4400	0.501818181818
4500	0.502444444444
4600	0.503260869565
4700	0.503617021277
4800	0.502708333333
4900	0.50306122449
5000	0.5024
5100	0.500196078431
5200	0.499230769231
5300	0.499433962264
5400	0.498703703704
5500	0.498727272727
5600	0.499285714286
5700	0.499649122807
5800	0.497586206897
5900	0.499322033898
6000	0.499333333333
6100	0.49868852459
6200	0.498548387097
6300	0.497936507937
6400	0.4971875
6500	0.495692307692
6600	0.496212121212
6700	0.497462686567
6800	0.498088235294
6900	0.498695652174
7000	0.498285714286
7100	0.497042253521
7200	0.496388888889
7300	0.496164383562
7400	0.496486486486
7500	0.496266666667
7600	0.495526315789
7700	0.495714285714
7800	0.496153846154
7900	0.494936708861
8000	0.495
8100	0.494320987654
8200	0.494146341463
8300	0.493975903614
8400	0.493452380952
8500	0.494
8600	0.49511627907
8700	0.494367816092
8800	0.494659090909
8900	0.494382022472
9000	0.493888888889
9100	0.494285714286
9200	0.494782608696
9300	0.495053763441
9400	0.494787234043
9500	0.494105263158
9600	0.494375
9700	0.494432989691
9800	0.493265306122
9900	0.492929292929
10000	0.4925
11000	0.491909090909
12000	0.492083333333
13000	0.490538461538
14000	0.486714285714
15000	0.487666666667
16000	0.4864375
17000	0.486058823529
18000	0.485888888889
19000	0.484894736842
20000	0.48585
21000	0.485952380952
22000	0.485636363636
23000	0.486043478261
24000	0.4865
25000	0.48696
26000	0.486807692308
27000	0.486888888889
28000	0.486785714286
29000	0.486034482759
30000	0.486033333333
31000	0.485838709677
32000	0.48559375
33000	0.485727272727
34000	0.485382352941
35000	0.485257142857
36000	0.485083333333
37000	0.484972972973
38000	0.485684210526
39000	0.48558974359
40000	0.4861
41000	0.485804878049
42000	0.485357142857
43000	0.485581395349
44000	0.485636363636
45000	0.485533333333
46000	0.485630434783
47000	0.48570212766
48000	0.486270833333
49000	0.486387755102
50000	0.48588
51000	0.485862745098
52000	0.485615384615
53000	0.485452830189
54000	0.485666666667
55000	0.485545454545
56000	0.485446428571
57000	0.485719298246
58000	0.485310344828
59000	0.485593220339
60000	0.4856
61000	0.486163934426
62000	0.485903225806
63000	0.485746031746
64000	0.486
65000	0.486292307692
66000	0.4865
67000	0.486626865672
68000	0.486647058824
69000	0.486434782609
70000	0.4861
71000	0.486126760563
72000	0.485680555556
73000	0.485712328767
74000	0.485513513514
75000	0.4854
76000	0.485631578947
77000	0.485155844156
78000	0.485051282051
79000	0.485392405063
80000	0.4853625
81000	0.485222222222
82000	0.485414634146
83000	0.485554216867
84000	0.485380952381
85000	0.485388235294
86000	0.485476744186
87000	0.48532183908
88000	0.485261363636
89000	0.485269662921
90000	0.485133333333
91000	0.485296703297
92000	0.48522826087
93000	0.485279569892
94000	0.485042553191
95000	0.485063157895
96000	0.485270833333
97000	0.485154639175
98000	0.485
99000	0.48504040404
100000	0.48509
110000	0.485690909091
120000	0.485858333333
130000	0.486507692308
140000	0.486957142857
150000	0.486926666667
160000	0.48771875
170000	0.488335294118
180000	0.489166666667
190000	0.490026315789
200000	0.491255
210000	0.491728571429
220000	0.491904545455
230000	0.492395652174
240000	0.493041666667
250000	0.493384
260000	0.493961538462
270000	0.494574074074
280000	0.495071428571
290000	0.495375862069
300000	0.495786666667
310000	0.495958064516
320000	0.496378125
330000	0.496596969697
340000	0.497247058824
350000	0.49744
360000	0.497783333333
370000	0.497783783784
380000	0.498039473684
390000	0.498102564103
400000	0.498315
410000	0.498565853659
420000	0.498785714286
430000	0.499220930233
440000	0.499393181818
450000	0.499546666667
460000	0.49977173913
470000	0.499940425532
480000	0.500179166667
490000	0.50037755102
500000	0.500746
510000	0.501135294118
520000	0.501423076923
530000	0.501550943396
540000	0.501837037037
550000	0.501981818182
560000	0.5023125
570000	0.502433333333
580000	0.502634482759
590000	0.502874576271
600000	0.503128333333
610000	0.503391803279
620000	0.503614516129
630000	0.503746031746
640000	0.50396875
650000	0.50438
660000	0.504498484848
670000	0.504891044776
680000	0.505061764706
690000	0.505252173913
700000	0.505415714286
710000	0.505553521127
720000	0.505701388889
730000	0.505765753425
740000	0.505998648649
750000	0.506157333333
760000	0.506314473684
770000	0.506541558442
780000	0.506588461538
790000	0.506837974684
800000	0.506985
810000	0.507296296296
820000	0.507474390244
830000	0.507708433735
840000	0.507926190476
850000	0.508138823529
860000	0.508389534884
870000	0.508586206897
880000	0.508778409091
890000	0.508880898876
900000	0.509111111111
910000	0.509213186813
920000	0.509383695652
930000	0.50956344086
940000	0.509607446809
950000	0.509841052632
960000	0.509946875
970000	0.510275257732
980000	0.51037755102
990000	0.510477777778
1000000	0.510641
