0	0
1	0.0
2	0.5
3	0.666666666667
4	0.5
5	0.6
6	0.666666666667
7	0.714285714286
8	0.75
9	0.666666666667
10	0.7
11	0.727272727273
12	0.666666666667
13	0.615384615385
14	0.571428571429
15	0.6
16	0.5625
17	0.529411764706
18	0.555555555556
19	0.526315789474
20	0.5
21	0.52380952381
22	0.5
23	0.478260869565
24	0.5
25	0.52
26	0.5
27	0.518518518519
28	0.5
29	0.48275862069
30	0.466666666667
31	0.483870967742
32	0.5
33	0.484848484848
34	0.470588235294
35	0.485714285714
36	0.5
37	0.513513513514
38	0.5
39	0.487179487179
40	0.475
41	0.463414634146
42	0.47619047619
43	0.46511627907
44	0.454545454545
45	0.444444444444
46	0.434782608696
47	0.446808510638
48	0.4375
49	0.428571428571
50	0.44
51	0.450980392157
52	0.442307692308
53	0.433962264151
54	0.425925925926
55	0.418181818182
56	0.410714285714
57	0.40350877193
58	0.396551724138
59	0.406779661017
60	0.416666666667
61	0.426229508197
62	0.435483870968
63	0.428571428571
64	0.421875
65	0.430769230769
66	0.424242424242
67	0.417910447761
68	0.411764705882
69	0.405797101449
70	0.4
71	0.394366197183
72	0.402777777778
73	0.41095890411
74	0.405405405405
75	0.4
76	0.394736842105
77	0.38961038961
78	0.397435897436
79	0.405063291139
80	0.4
81	0.395061728395
82	0.40243902439
83	0.409638554217
84	0.416666666667
85	0.423529411765
86	0.43023255814
87	0.425287356322
88	0.420454545455
89	0.426966292135
90	0.422222222222
91	0.417582417582
92	0.413043478261
93	0.408602150538
94	0.404255319149
95	0.4
96	0.40625
97	0.40206185567
98	0.397959183673
99	0.40404040404
100	0.41
110	0.427272727273
120	0.433333333333
130	0.446153846154
140	0.457142857143
150	0.473333333333
160	0.45625
170	0.441176470588
180	0.461111111111
190	0.463157894737
200	0.45
210	0.438095238095
220	0.440909090909
230	0.44347826087
240	0.45
250	0.452
260	0.446153846154
270	0.444444444444
280	0.446428571429
290	0.458620689655
300	0.456666666667
310	0.461290322581
320	0.4625
330	0.460606060606
340	0.458823529412
350	0.46
360	0.466666666667
370	0.47027027027
380	0.468421052632
390	0.469230769231
400	0.4675
410	0.465853658537
420	0.464285714286
430	0.46511627907
440	0.463636363636
450	0.46
460	0.45652173913
470	0.455319148936
480	0.45625
490	0.459183673469
500	0.46
510	0.456862745098
520	0.461538461538
530	0.460377358491
540	0.462962962963
550	0.461818181818
560	0.466071428571
570	0.468421052632
580	0.472413793103
590	0.474576271186
600	0.476666666667
610	0.477049180328
620	0.475806451613
630	0.474603174603
640	0.475
650	0.472307692308
660	0.472727272727
670	0.474626865672
680	0.477941176471
690	0.479710144928
700	0.48
710	0.477464788732
720	0.475
730	0.47397260274
740	0.478378378378
750	0.477333333333
760	0.480263157895
770	0.480519480519
780	0.483333333333
790	0.481012658228
800	0.4825
810	0.483950617284
820	0.487804878049
830	0.486746987952
840	0.489285714286
850	0.494117647059
860	0.496511627907
870	0.497701149425
880	0.498863636364
890	0.497752808989
900	0.497777777778
910	0.497802197802
920	0.498913043478
930	0.496774193548
940	0.496808510638
950	0.495789473684
960	0.497916666667
970	0.5
980	0.498979591837
990	0.49898989899
1000	0.498
1100	0.496363636364
1200	0.491666666667
1300	0.487692307692
1400	0.488571428571
1500	0.497333333333
1600	0.49875
1700	0.497647058824
1800	0.497777777778
1900	0.495263157895
2000	0.4915
2100	0.492380952381
2200	0.491363636364
2300	0.490869565217
2400	0.487916666667
2500	0.4848
2600	0.483076923077
2700	0.486296296296
2800	0.483214285714
2900	0.482068965517
3000	0.483666666667
3100	0.485483870968
3200	0.4890625
3300	0.489696969697
3400	0.488529411765
3500	0.489142857143
3600	0.488888888889
3700	0.488918918919
3800	0.489210526316
3900	0.488461538462
4000	0.4875
4100	0.487073170732
4200	0.48619047619
4300	0.486976744186
4400	0.488409090909
4500	0.488666666667
4600	0.488260869565
4700	0.487659574468
4800	0.488333333333
4900	0.488367346939
5000	0.4886
5100	0.487058823529
5200	0.486538461538
5300	0.486037735849
5400	0.486851851852
5500	0.486545454545
5600	0.485535714286
5700	0.48649122807
5800	0.486896551724
5900	0.486949152542
6000	0.487166666667
6100	0.486393442623
6200	0.485806451613
6300	0.485873015873
6400	0.48546875
6500	0.485230769231
6600	0.485
6700	0.484925373134
6800	0.485441176471
6900	0.488260869565
7000	0.489
7100	0.49
7200	0.490416666667
7300	0.490547945205
7400	0.489324324324
7500	0.4892
7600	0.489473684211
7700	0.488961038961
7800	0.489102564103
7900	0.488607594937
8000	0.488625
8100	0.488518518519
8200	0.488048780488
8300	0.487469879518
8400	0.488214285714
8500	0.488235294118
8600	0.488023255814
8700	0.487931034483
8800	0.487954545455
8900	0.48808988764
9000	0.487666666667
9100	0.488461538462
9200	0.487065217391
9300	0.48688172043
9400	0.487127659574
9500	0.486736842105
9600	0.486770833333
9700	0.487113402062
9800	0.487755102041
9900	0.486767676768
10000	0.4866
11000	0.487818181818
12000	0.489083333333
13000	0.488769230769
14000	0.4895
15000	0.487933333333
16000	0.488625
17000	0.487470588235
18000	0.488277777778
19000	0.488578947368
20000	0.48985
21000	0.48919047619
22000	0.489772727273
23000	0.488652173913
24000	0.489666666667
25000	0.49076
26000	0.491230769231
27000	0.492
28000	0.491678571429
29000	0.491344827586
30000	0.4919
31000	0.492903225806
32000	0.49296875
33000	0.493333333333
34000	0.493235294118
35000	0.492571428571
36000	0.491888888889
37000	0.492135135135
38000	0.491684210526
39000	0.490923076923
40000	0.491175
41000	0.491414634146
42000	0.491357142857
43000	0.49176744186
44000	0.491795454545
45000	0.491733333333
46000	0.491826086957
47000	0.491829787234
48000	0.492
49000	0.492040816327
50000	0.49166
51000	0.491647058824
52000	0.491326923077
53000	0.491754716981
54000	0.492
55000	0.492690909091
56000	0.492696428571
57000	0.492473684211
58000	0.491896551724
59000	0.492016949153
60000	0.4921
61000	0.492114754098
62000	0.491935483871
63000	0.492285714286
64000	0.492859375
65000	0.493492307692
66000	0.493787878788
67000	0.49371641791
68000	0.493720588235
69000	0.493608695652
70000	0.493414285714
71000	0.493591549296
72000	0.493444444444
73000	0.493328767123
74000	0.493108108108
75000	0.49328
76000	0.493157894737
77000	0.493
78000	0.492756410256
79000	0.492873417722
80000	0.492925
81000	0.492851851852
82000	0.492707317073
83000	0.492481927711
84000	0.492404761905
85000	0.492164705882
86000	0.492430232558
87000	0.492517241379
88000	0.492840909091
89000	0.492988764045
90000	0.493144444444
91000	0.493043956044
92000	0.493326086957
93000	0.493569892473
94000	0.493393617021
95000	0.493557894737
96000	0.49359375
97000	0.493680412371
98000	0.493795918367
99000	0.493646464646
100000	0.4936
110000	0.493545454545
120000	0.494216666667
130000	0.494115384615
140000	0.494442857143
150000	0.494446666667
160000	0.4947125
170000	0.494964705882
180000	0.495
190000	0.495257894737
200000	0.495045
