0	0
1	0.0
2	0.5
3	0.333333333333
4	0.5
5	0.4
6	0.5
7	0.571428571429
8	0.5
9	0.555555555556
10	0.6
11	0.545454545455
12	0.583333333333
13	0.538461538462
14	0.5
15	0.533333333333
16	0.5625
17	0.588235294118
18	0.611111111111
19	0.631578947368
20	0.6
21	0.571428571429
22	0.590909090909
23	0.565217391304
24	0.583333333333
25	0.6
26	0.576923076923
27	0.555555555556
28	0.571428571429
29	0.586206896552
30	0.566666666667
31	0.548387096774
32	0.53125
33	0.515151515152
34	0.5
35	0.514285714286
36	0.5
37	0.513513513514
38	0.5
39	0.487179487179
40	0.5
41	0.487804878049
42	0.5
43	0.511627906977
44	0.5
45	0.488888888889
46	0.478260869565
47	0.468085106383
48	0.458333333333
49	0.469387755102
50	0.46
51	0.450980392157
52	0.442307692308
53	0.433962264151
54	0.444444444444
55	0.454545454545
56	0.446428571429
57	0.438596491228
58	0.431034482759
59	0.440677966102
60	0.45
61	0.44262295082
62	0.435483870968
63	0.428571428571
64	0.421875
65	0.430769230769
66	0.424242424242
67	0.417910447761
68	0.426470588235
69	0.434782608696
70	0.428571428571
71	0.43661971831
72	0.430555555556
73	0.424657534247
74	0.418918918919
75	0.426666666667
76	0.434210526316
77	0.428571428571
78	0.423076923077
79	0.417721518987
80	0.4125
81	0.407407407407
82	0.40243902439
83	0.397590361446
84	0.392857142857
85	0.388235294118
86	0.395348837209
87	0.390804597701
88	0.386363636364
89	0.393258426966
90	0.4
91	0.406593406593
92	0.413043478261
93	0.41935483871
94	0.414893617021
95	0.421052631579
96	0.416666666667
97	0.412371134021
98	0.408163265306
99	0.414141414141
100	0.42
110	0.427272727273
120	0.416666666667
130	0.438461538462
140	0.442857142857
150	0.446666666667
160	0.44375
170	0.458823529412
180	0.472222222222
190	0.478947368421
200	0.48
210	0.471428571429
220	0.477272727273
230	0.478260869565
240	0.4875
250	0.484
260	0.488461538462
270	0.488888888889
280	0.482142857143
290	0.486206896552
300	0.5
310	0.503225806452
320	0.503125
330	0.49696969697
340	0.497058823529
350	0.502857142857
360	0.497222222222
370	0.491891891892
380	0.492105263158
390	0.497435897436
400	0.495
410	0.492682926829
420	0.492857142857
430	0.497674418605
440	0.495454545455
450	0.493333333333
460	0.486956521739
470	0.489361702128
480	0.491666666667
490	0.489795918367
500	0.488
510	0.492156862745
520	0.490384615385
530	0.490566037736
540	0.490740740741
550	0.485454545455
560	0.489285714286
570	0.491228070175
580	0.494827586207
590	0.494915254237
600	0.495
610	0.491803278689
620	0.493548387097
630	0.496825396825
640	0.4953125
650	0.496923076923
660	0.493939393939
670	0.492537313433
680	0.492647058824
690	0.491304347826
700	0.491428571429
710	0.49014084507
720	0.488888888889
730	0.48904109589
740	0.491891891892
750	0.492
760	0.488157894737
770	0.487012987013
780	0.488461538462
790	0.486075949367
800	0.4875
810	0.487654320988
820	0.486585365854
830	0.485542168675
840	0.486904761905
850	0.487058823529
860	0.488372093023
870	0.488505747126
880	0.489772727273
890	0.491011235955
900	0.491111111111
910	0.492307692308
920	0.494565217391
930	0.494623655914
940	0.494680851064
950	0.493684210526
960	0.494791666667
970	0.496907216495
980	0.497959183673
990	0.49797979798
1000	0.5
1100	0.504545454545
1200	0.505
1300	0.502307692308
1400	0.497857142857
1500	0.492666666667
1600	0.4875
1700	0.488823529412
1800	0.487222222222
1900	0.492631578947
2000	0.4945
2100	0.494285714286
2200	0.493636363636
2300	0.495217391304
2400	0.494583333333
2500	0.4944
2600	0.496153846154
2700	0.495555555556
2800	0.496428571429
2900	0.497586206897
3000	0.498
3100	0.497419354839
3200	0.4940625
3300	0.493636363636
3400	0.494411764706
3500	0.496285714286
3600	0.495277777778
3700	0.497567567568
3800	0.497368421053
3900	0.496666666667
4000	0.4975
4100	0.497804878049
4200	0.497380952381
4300	0.496976744186
4400	0.496818181818
4500	0.498666666667
4600	0.49847826087
4700	0.500425531915
4800	0.502083333333
4900	0.502857142857
5000	0.5006
5100	0.499607843137
5200	0.5
5300	0.500188679245
5400	0.501296296296
5500	0.500545454545
5600	0.501071428571
5700	0.501228070175
5800	0.500517241379
5900	0.502033898305
6000	0.5045
6100	0.502131147541
6200	0.502419354839
6300	0.501746031746
6400	0.50109375
6500	0.502769230769
6600	0.502575757576
6700	0.50223880597
6800	0.5025
6900	0.503188405797
7000	0.504
7100	0.504366197183
7200	0.504027777778
7300	0.504520547945
7400	0.503648648649
7500	0.504666666667
7600	0.505263157895
7700	0.504675324675
7800	0.505256410256
7900	0.505189873418
8000	0.505125
8100	0.505679012346
8200	0.505487804878
8300	0.506024096386
8400	0.505833333333
8500	0.504470588235
8600	0.504186046512
8700	0.503103448276
8800	0.503181818182
8900	0.503483146067
9000	0.504333333333
9100	0.504175824176
9200	0.504239130435
9300	0.503978494624
9400	0.503510638298
9500	0.503578947368
9600	0.5034375
9700	0.504020618557
9800	0.503469387755
9900	0.503434343434
10000	0.5033
11000	0.503090909091
12000	0.503333333333
13000	0.500769230769
14000	0.498857142857
15000	0.498733333333
16000	0.4999375
17000	0.501117647059
18000	0.500166666667
19000	0.5
20000	0.5003
21000	0.500904761905
22000	0.500681818182
23000	0.500826086957
24000	0.50075
25000	0.5006
26000	0.500615384615
27000	0.501703703704
28000	0.501785714286
29000	0.501517241379
30000	0.5015
31000	0.501193548387
32000	0.501
33000	0.500636363636
34000	0.500382352941
35000	0.500257142857
36000	0.500222222222
37000	0.499783783784
38000	0.499894736842
39000	0.499487179487
40000	0.499075
41000	0.499097560976
42000	0.499095238095
43000	0.498348837209
44000	0.498409090909
45000	0.498755555556
46000	0.49847826087
47000	0.49885106383
48000	0.4988125
49000	0.498816326531
50000	0.49852
51000	0.498705882353
52000	0.498461538462
53000	0.498264150943
54000	0.498388888889
55000	0.498418181818
56000	0.4985
57000	0.49801754386
58000	0.497862068966
59000	0.497508474576
60000	0.497683333333
61000	0.497672131148
62000	0.497564516129
63000	0.49780952381
64000	0.49821875
65000	0.498738461538
66000	0.498348484848
67000	0.498373134328
68000	0.498147058824
69000	0.498231884058
70000	0.498414285714
71000	0.498549295775
72000	0.498486111111
73000	0.498726027397
74000	0.498621621622
75000	0.498626666667
76000	0.498578947368
77000	0.498779220779
78000	0.498948717949
79000	0.498721518987
80000	0.4987125
81000	0.498666666667
82000	0.498670731707
83000	0.498626506024
84000	0.498714285714
85000	0.498964705882
86000	0.499093023256
87000	0.49891954023
88000	0.498988636364
89000	0.498741573034
90000	0.498822222222
91000	0.498769230769
92000	0.49877173913
93000	0.498784946237
94000	0.499031914894
95000	0.498705263158
96000	0.498708333333
97000	0.498855670103
98000	0.498989795918
99000	0.499121212121
100000	0.49917
110000	0.499509090909
120000	0.498791666667
130000	0.499584615385
140000	0.499571428571
150000	0.499686666667
160000	0.4994125
170000	0.499370588235
180000	0.499822222222
190000	0.499857894737
200000	0.499695
210000	0.499671428571
220000	0.499781818182
230000	0.49992173913
240000	0.500020833333
250000	0.500028
260000	0.499842307692
270000	0.499625925926
280000	0.499578571429
290000	0.499689655172
300000	0.499433333333
310000	0.499367741935
320000	0.499303125
330000	0.499263636364
340000	0.499382352941
350000	0.499385714286
360000	0.499472222222
370000	0.499359459459
380000	0.499181578947
390000	0.499253846154
400000	0.499025
410000	0.49907804878
420000	0.498961904762
430000	0.498969767442
440000	0.498954545455
450000	0.498851111111
460000	0.498732608696
470000	0.498763829787
480000	0.498683333333
490000	0.498789795918
500000	0.498926
510000	0.499076470588
520000	0.49905
530000	0.499130188679
540000	0.499112962963
550000	0.499227272727
560000	0.499273214286
570000	0.499271929825
580000	0.499251724138
590000	0.499205084746
600000	0.499026666667
610000	0.499160655738
620000	0.499143548387
630000	0.499146031746
640000	0.499215625
650000	0.499170769231
660000	0.499140909091
670000	0.499117910448
680000	0.499098529412
690000	0.499197101449
700000	0.499228571429
710000	0.499276056338
720000	0.4993875
730000	0.499320547945
740000	0.499344594595
750000	0.499421333333
760000	0.499461842105
770000	0.499346753247
780000	0.499348717949
790000	0.499301265823
800000	0.49934125
810000	0.499304938272
820000	0.499237804878
830000	0.499219277108
840000	0.499358333333
850000	0.49938
860000	0.49928372093
870000	0.499229885057
880000	0.499215909091
890000	0.49921011236
900000	0.49912
910000	0.499115384615
920000	0.499111956522
930000	0.499121505376
940000	0.49919787234
950000	0.499185263158
960000	0.499153125
970000	0.499093814433
980000	0.49912244898
990000	0.49915959596
1000000	0.499089
