0	0
1	1.0
2	0.5
3	0.666666666667
4	0.5
5	0.4
6	0.5
7	0.428571428571
8	0.5
9	0.555555555556
10	0.5
11	0.545454545455
12	0.5
13	0.461538461538
14	0.5
15	0.533333333333
16	0.5625
17	0.588235294118
18	0.555555555556
19	0.578947368421
20	0.6
21	0.571428571429
22	0.590909090909
23	0.608695652174
24	0.583333333333
25	0.56
26	0.576923076923
27	0.555555555556
28	0.535714285714
29	0.551724137931
30	0.533333333333
31	0.516129032258
32	0.5
33	0.515151515152
34	0.529411764706
35	0.514285714286
36	0.5
37	0.513513513514
38	0.526315789474
39	0.538461538462
40	0.55
41	0.536585365854
42	0.547619047619
43	0.53488372093
44	0.522727272727
45	0.511111111111
46	0.5
47	0.489361702128
48	0.479166666667
49	0.469387755102
50	0.46
51	0.450980392157
52	0.461538461538
53	0.471698113208
54	0.481481481481
55	0.472727272727
56	0.482142857143
57	0.473684210526
58	0.465517241379
59	0.474576271186
60	0.483333333333
61	0.475409836066
62	0.467741935484
63	0.460317460317
64	0.46875
65	0.476923076923
66	0.484848484848
67	0.492537313433
68	0.485294117647
69	0.492753623188
70	0.5
71	0.492957746479
72	0.5
73	0.493150684932
74	0.486486486486
75	0.48
76	0.486842105263
77	0.493506493506
78	0.5
79	0.506329113924
80	0.5125
81	0.506172839506
82	0.512195121951
83	0.518072289157
84	0.511904761905
85	0.517647058824
86	0.511627906977
87	0.505747126437
88	0.5
89	0.494382022472
90	0.488888888889
91	0.483516483516
92	0.478260869565
93	0.47311827957
94	0.468085106383
95	0.473684210526
96	0.479166666667
97	0.484536082474
98	0.479591836735
99	0.484848484848
100	0.49
110	0.509090909091
120	0.483333333333
130	0.484615384615
140	0.485714285714
150	0.473333333333
160	0.4625
170	0.458823529412
180	0.444444444444
190	0.442105263158
200	0.44
210	0.442857142857
220	0.445454545455
230	0.447826086957
240	0.454166666667
250	0.46
260	0.457692307692
270	0.459259259259
280	0.467857142857
290	0.468965517241
300	0.466666666667
310	0.467741935484
320	0.46875
330	0.469696969697
340	0.473529411765
350	0.462857142857
360	0.466666666667
370	0.462162162162
380	0.460526315789
390	0.464102564103
400	0.465
410	0.470731707317
420	0.47380952381
430	0.474418604651
440	0.477272727273
450	0.473333333333
460	0.473913043478
470	0.468085106383
480	0.4625
490	0.467346938776
500	0.46
510	0.456862745098
520	0.453846153846
530	0.458490566038
540	0.462962962963
550	0.46
560	0.455357142857
570	0.454385964912
580	0.458620689655
590	0.461016949153
600	0.46
610	0.460655737705
620	0.461290322581
630	0.457142857143
640	0.453125
650	0.452307692308
660	0.45303030303
670	0.453731343284
680	0.454411764706
690	0.45652173913
700	0.454285714286
710	0.456338028169
720	0.458333333333
730	0.456164383562
740	0.452702702703
750	0.456
760	0.455263157895
770	0.457142857143
780	0.458974358974
790	0.455696202532
800	0.45625
810	0.454320987654
820	0.45243902439
830	0.451807228916
840	0.454761904762
850	0.452941176471
860	0.452325581395
870	0.455172413793
880	0.455681818182
890	0.455056179775
900	0.455555555556
910	0.458241758242
920	0.457608695652
930	0.459139784946
940	0.459574468085
950	0.461052631579
960	0.461458333333
970	0.461855670103
980	0.463265306122
990	0.462626262626
1000	0.46
1100	0.466363636364
1200	0.46
1300	0.463076923077
1400	0.460714285714
1500	0.462
1600	0.463125
1700	0.460588235294
1800	0.463333333333
1900	0.462631578947
2000	0.4645
2100	0.46380952381
2200	0.462272727273
2300	0.465217391304
2400	0.465416666667
2500	0.4636
2600	0.464615384615
2700	0.466666666667
2800	0.466785714286
2900	0.467931034483
3000	0.468
3100	0.467096774194
3200	0.4690625
3300	0.468484848485
3400	0.466470588235
3500	0.466857142857
3600	0.465555555556
3700	0.464594594595
3800	0.466842105263
3900	0.468205128205
4000	0.46625
4100	0.464390243902
4200	0.467142857143
4300	0.466976744186
4400	0.467272727273
4500	0.467111111111
4600	0.465869565217
4700	0.466382978723
4800	0.468958333333
4900	0.468571428571
5000	0.469
5100	0.470784313725
5200	0.469807692308
5300	0.47
5400	0.471296296296
5500	0.471090909091
5600	0.47125
5700	0.471403508772
5800	0.470344827586
5900	0.47
6000	0.470166666667
6100	0.472459016393
6200	0.471935483871
6300	0.472380952381
6400	0.47109375
6500	0.471846153846
6600	0.472878787879
6700	0.473731343284
6800	0.473382352941
6900	0.473768115942
7000	0.473714285714
7100	0.473802816901
7200	0.474583333333
7300	0.474520547945
7400	0.474594594595
7500	0.475333333333
7600	0.475657894737
7700	0.477012987013
7800	0.476666666667
7900	0.476329113924
8000	0.477
8100	0.477901234568
8200	0.479024390244
8300	0.479759036145
8400	0.480119047619
8500	0.479294117647
8600	0.479418604651
8700	0.479885057471
8800	0.479659090909
8900	0.480112359551
9000	0.479777777778
9100	0.48010989011
9200	0.481195652174
9300	0.481075268817
9400	0.480744680851
9500	0.480210526316
9600	0.479166666667
9700	0.479793814433
9800	0.480204081633
9900	0.480505050505
10000	0.481
11000	0.478909090909
12000	0.478
13000	0.477923076923
14000	0.479071428571
15000	0.481066666667
16000	0.480875
17000	0.480470588235
18000	0.481166666667
19000	0.481157894737
20000	0.4816
21000	0.482238095238
22000	0.481454545455
23000	0.481695652174
24000	0.480916666667
25000	0.4812
26000	0.481038461538
27000	0.481518518519
28000	0.480928571429
29000	0.48075862069
30000	0.481266666667
31000	0.481
32000	0.480875
33000	0.480484848485
34000	0.480294117647
35000	0.480542857143
36000	0.480916666667
37000	0.480162162162
38000	0.480736842105
39000	0.480666666667
40000	0.481125
41000	0.481024390244
42000	0.481785714286
43000	0.482488372093
44000	0.482204545455
45000	0.481622222222
46000	0.48197826087
47000	0.482404255319
48000	0.481833333333
49000	0.481755102041
50000	0.48142
51000	0.481333333333
52000	0.481346153846
53000	0.481735849057
54000	0.481462962963
55000	0.481745454545
56000	0.482160714286
57000	0.481964912281
58000	0.482068965517
59000	0.482644067797
60000	0.48295
61000	0.482967213115
62000	0.483
63000	0.48326984127
64000	0.483265625
65000	0.483323076923
66000	0.483803030303
67000	0.484089552239
68000	0.484294117647
69000	0.484173913043
70000	0.4844
71000	0.484281690141
72000	0.484208333333
73000	0.484520547945
74000	0.484364864865
75000	0.484626666667
76000	0.484368421053
77000	0.484103896104
78000	0.484141025641
79000	0.484202531646
80000	0.48435
81000	0.484518518519
82000	0.484536585366
83000	0.484939759036
84000	0.485107142857
85000	0.484917647059
86000	0.485081395349
87000	0.485137931034
88000	0.484909090909
89000	0.484887640449
90000	0.484877777778
91000	0.484769230769
92000	0.485076086957
93000	0.485311827957
94000	0.485361702128
95000	0.485368421053
96000	0.485572916667
97000	0.485463917526
98000	0.485448979592
99000	0.485727272727
100000	0.48571
110000	0.485845454545
120000	0.486041666667
130000	0.486246153846
140000	0.48715
150000	0.487953333333
160000	0.4890875
170000	0.489547058824
180000	0.490555555556
190000	0.491342105263
200000	0.49247
