0	0
1	0.0
2	0.5
3	0.666666666667
4	0.5
5	0.6
6	0.5
7	0.428571428571
8	0.5
9	0.444444444444
10	0.5
11	0.454545454545
12	0.5
13	0.461538461538
14	0.5
15	0.466666666667
16	0.5
17	0.529411764706
18	0.5
19	0.473684210526
20	0.45
21	0.47619047619
22	0.454545454545
23	0.478260869565
24	0.458333333333
25	0.48
26	0.5
27	0.481481481481
28	0.5
29	0.48275862069
30	0.5
31	0.516129032258
32	0.53125
33	0.515151515152
34	0.5
35	0.514285714286
36	0.5
37	0.513513513514
38	0.526315789474
39	0.538461538462
40	0.525
41	0.512195121951
42	0.52380952381
43	0.53488372093
44	0.545454545455
45	0.555555555556
46	0.54347826087
47	0.531914893617
48	0.541666666667
49	0.551020408163
50	0.54
51	0.549019607843
52	0.557692307692
53	0.566037735849
54	0.574074074074
55	0.563636363636
56	0.571428571429
57	0.561403508772
58	0.551724137931
59	0.559322033898
60	0.55
61	0.55737704918
62	0.564516129032
63	0.555555555556
64	0.546875
65	0.553846153846
66	0.545454545455
67	0.55223880597
68	0.544117647059
69	0.550724637681
70	0.542857142857
71	0.549295774648
72	0.541666666667
73	0.547945205479
74	0.554054054054
75	0.546666666667
76	0.552631578947
77	0.558441558442
78	0.551282051282
79	0.556962025316
80	0.5625
81	0.555555555556
82	0.548780487805
83	0.542168674699
84	0.535714285714
85	0.541176470588
86	0.53488372093
87	0.540229885057
88	0.534090909091
89	0.539325842697
90	0.544444444444
91	0.549450549451
92	0.54347826087
93	0.537634408602
94	0.531914893617
95	0.526315789474
96	0.53125
97	0.525773195876
98	0.520408163265
99	0.515151515152
100	0.51
110	0.518181818182
120	0.516666666667
130	0.530769230769
140	0.542857142857
150	0.546666666667
160	0.54375
170	0.535294117647
180	0.527777777778
190	0.510526315789
200	0.505
210	0.5
220	0.5
230	0.491304347826
240	0.491666666667
250	0.492
260	0.496153846154
270	0.485185185185
280	0.485714285714
290	0.493103448276
300	0.496666666667
310	0.490322580645
320	0.4875
330	0.478787878788
340	0.476470588235
350	0.482857142857
360	0.480555555556
370	0.481081081081
380	0.486842105263
390	0.484615384615
400	0.4825
410	0.480487804878
420	0.478571428571
430	0.476744186047
440	0.470454545455
450	0.473333333333
460	0.471739130435
470	0.472340425532
480	0.470833333333
490	0.473469387755
500	0.47
510	0.474509803922
520	0.471153846154
530	0.466037735849
540	0.464814814815
550	0.467272727273
560	0.464285714286
570	0.464912280702
580	0.46724137931
590	0.469491525424
600	0.465
610	0.465573770492
620	0.467741935484
630	0.466666666667
640	0.4671875
650	0.466153846154
660	0.468181818182
670	0.465671641791
680	0.466176470588
690	0.465217391304
700	0.47
710	0.467605633803
720	0.468055555556
730	0.469863013699
740	0.471621621622
750	0.473333333333
760	0.473684210526
770	0.476623376623
780	0.479487179487
790	0.482278481013
800	0.48
810	0.483950617284
820	0.482926829268
830	0.480722891566
840	0.479761904762
850	0.477647058824
860	0.479069767442
870	0.480459770115
880	0.479545454545
890	0.477528089888
900	0.475555555556
910	0.476923076923
920	0.477173913043
930	0.477419354839
940	0.477659574468
950	0.48
960	0.480208333333
970	0.480412371134
980	0.480612244898
990	0.480808080808
1000	0.481
1100	0.471818181818
1200	0.475
1300	0.468461538462
1400	0.466428571429
1500	0.467333333333
1600	0.463125
1700	0.465882352941
1800	0.465
1900	0.464210526316
2000	0.4685
2100	0.466666666667
2200	0.469090909091
2300	0.471304347826
2400	0.47
2500	0.4664
2600	0.467307692308
2700	0.464814814815
2800	0.465
2900	0.464827586207
3000	0.462666666667
3100	0.462903225806
3200	0.464375
3300	0.465151515152
3400	0.467647058824
3500	0.467714285714
3600	0.467777777778
3700	0.467837837838
3800	0.468421052632
3900	0.465897435897
4000	0.46775
4100	0.469512195122
4200	0.469761904762
4300	0.47023255814
4400	0.4725
4500	0.472666666667
4600	0.473260869565
4700	0.472978723404
4800	0.474583333333
4900	0.475510204082
5000	0.4748
5100	0.473921568627
5200	0.475
5300	0.475849056604
5400	0.477592592593
5500	0.477818181818
5600	0.479107142857
5700	0.477719298246
5800	0.477068965517
5900	0.478813559322
6000	0.477
6100	0.478032786885
6200	0.477903225806
6300	0.478571428571
6400	0.47875
6500	0.479076923077
6600	0.479393939394
6700	0.479552238806
6800	0.480147058824
6900	0.480434782609
7000	0.481428571429
7100	0.482394366197
7200	0.483055555556
7300	0.483424657534
7400	0.483378378378
7500	0.483333333333
7600	0.484342105263
7700	0.484805194805
7800	0.484487179487
7900	0.485063291139
8000	0.485125
8100	0.484320987654
8200	0.483902439024
8300	0.483373493976
8400	0.483571428571
8500	0.483647058824
8600	0.483720930233
8700	0.48275862069
8800	0.482727272727
8900	0.482808988764
9000	0.482555555556
9100	0.482417582418
9200	0.482065217391
9300	0.482365591398
9400	0.483085106383
9500	0.482631578947
9600	0.483645833333
9700	0.482680412371
9800	0.482857142857
9900	0.482222222222
10000	0.4825
11000	0.483727272727
12000	0.48625
13000	0.488846153846
14000	0.488142857143
15000	0.4884
16000	0.489375
17000	0.491470588235
18000	0.493055555556
19000	0.494263157895
20000	0.49385
21000	0.495666666667
22000	0.497
23000	0.498260869565
24000	0.499
25000	0.49888
26000	0.499
27000	0.499037037037
28000	0.498607142857
29000	0.498
30000	0.497833333333
31000	0.498290322581
32000	0.499
33000	0.499818181818
34000	0.500794117647
35000	0.5014
36000	0.502472222222
37000	0.502027027027
38000	0.502236842105
39000	0.502846153846
40000	0.5032
41000	0.502902439024
42000	0.502833333333
43000	0.503720930233
44000	0.504568181818
45000	0.505155555556
46000	0.50602173913
47000	0.506446808511
48000	0.507104166667
49000	0.507612244898
50000	0.50816
51000	0.508411764706
52000	0.5085
53000	0.509056603774
54000	0.509481481481
55000	0.509654545455
56000	0.510303571429
57000	0.510526315789
58000	0.511155172414
59000	0.511406779661
60000	0.511566666667
61000	0.511639344262
62000	0.512032258065
63000	0.511984126984
64000	0.5120625
65000	0.512092307692
66000	0.51253030303
67000	0.512731343284
68000	0.513
69000	0.51315942029
70000	0.513142857143
71000	0.513267605634
72000	0.513694444444
73000	0.51395890411
74000	0.513918918919
75000	0.514013333333
76000	0.514092105263
77000	0.514584415584
78000	0.515012820513
79000	0.515392405063
80000	0.51535
81000	0.515358024691
82000	0.51562195122
83000	0.516228915663
84000	0.516511904762
85000	0.516941176471
86000	0.517290697674
87000	0.517494252874
88000	0.517920454545
89000	0.517831460674
90000	0.517833333333
91000	0.518285714286
92000	0.518836956522
93000	0.518817204301
94000	0.519255319149
95000	0.519368421053
96000	0.519520833333
97000	0.519907216495
98000	0.520183673469
99000	0.520444444444
100000	0.5208
110000	0.522645454545
120000	0.524291666667
130000	0.525676923077
140000	0.527271428571
150000	0.528786666667
160000	0.5308875
170000	0.532229411765
180000	0.533316666667
190000	0.534910526316
200000	0.536285
