0	0
1	1.0
2	1.0
3	0.666666666667
4	0.5
5	0.6
6	0.5
7	0.428571428571
8	0.375
9	0.444444444444
10	0.5
11	0.454545454545
12	0.416666666667
13	0.384615384615
14	0.357142857143
15	0.4
16	0.375
17	0.411764705882
18	0.388888888889
19	0.421052631579
20	0.4
21	0.380952380952
22	0.409090909091
23	0.434782608696
24	0.416666666667
25	0.4
26	0.423076923077
27	0.444444444444
28	0.428571428571
29	0.448275862069
30	0.466666666667
31	0.451612903226
32	0.4375
33	0.454545454545
34	0.470588235294
35	0.485714285714
36	0.472222222222
37	0.459459459459
38	0.473684210526
39	0.461538461538
40	0.45
41	0.439024390244
42	0.452380952381
43	0.46511627907
44	0.454545454545
45	0.444444444444
46	0.45652173913
47	0.468085106383
48	0.458333333333
49	0.448979591837
50	0.44
51	0.43137254902
52	0.423076923077
53	0.415094339623
54	0.425925925926
55	0.418181818182
56	0.428571428571
57	0.438596491228
58	0.431034482759
59	0.423728813559
60	0.416666666667
61	0.426229508197
62	0.41935483871
63	0.412698412698
64	0.40625
65	0.4
66	0.393939393939
67	0.402985074627
68	0.411764705882
69	0.405797101449
70	0.4
71	0.408450704225
72	0.416666666667
73	0.424657534247
74	0.418918918919
75	0.426666666667
76	0.434210526316
77	0.428571428571
78	0.435897435897
79	0.443037974684
80	0.45
81	0.456790123457
82	0.451219512195
83	0.44578313253
84	0.440476190476
85	0.447058823529
86	0.453488372093
87	0.448275862069
88	0.443181818182
89	0.449438202247
90	0.455555555556
91	0.450549450549
92	0.45652173913
93	0.451612903226
94	0.446808510638
95	0.442105263158
96	0.4375
97	0.443298969072
98	0.438775510204
99	0.434343434343
100	0.43
110	0.463636363636
120	0.458333333333
130	0.469230769231
140	0.464285714286
150	0.466666666667
160	0.4625
170	0.458823529412
180	0.45
190	0.436842105263
200	0.425
210	0.42380952381
220	0.422727272727
230	0.439130434783
240	0.4375
250	0.44
260	0.434615384615
270	0.437037037037
280	0.432142857143
290	0.437931034483
300	0.433333333333
310	0.432258064516
320	0.434375
330	0.433333333333
340	0.432352941176
350	0.434285714286
360	0.436111111111
370	0.437837837838
380	0.442105263158
390	0.446153846154
400	0.4375
410	0.441463414634
420	0.445238095238
430	0.439534883721
440	0.436363636364
450	0.435555555556
460	0.432608695652
470	0.43829787234
480	0.439583333333
490	0.436734693878
500	0.432
510	0.429411764706
520	0.428846153846
530	0.433962264151
540	0.437037037037
550	0.44
560	0.441071428571
570	0.442105263158
580	0.444827586207
590	0.445762711864
600	0.446666666667
610	0.444262295082
620	0.445161290323
630	0.449206349206
640	0.45
650	0.447692307692
660	0.448484848485
670	0.449253731343
680	0.447058823529
690	0.442028985507
700	0.444285714286
710	0.446478873239
720	0.444444444444
730	0.443835616438
740	0.444594594595
750	0.444
760	0.446052631579
770	0.446753246753
780	0.45
790	0.449367088608
800	0.45
810	0.446913580247
820	0.45
830	0.449397590361
840	0.45119047619
850	0.452941176471
860	0.451162790698
870	0.452873563218
880	0.451136363636
890	0.451685393258
900	0.451111111111
910	0.451648351648
920	0.453260869565
930	0.451612903226
940	0.452127659574
950	0.451578947368
960	0.452083333333
970	0.453608247423
980	0.452040816327
990	0.449494949495
1000	0.451
1100	0.456363636364
1200	0.4625
1300	0.475384615385
1400	0.47
1500	0.47
1600	0.4725
1700	0.479411764706
1800	0.481666666667
1900	0.487368421053
2000	0.4945
2100	0.500476190476
2200	0.505909090909
2300	0.510869565217
2400	0.511666666667
2500	0.5176
2600	0.518076923077
2700	0.522962962963
2800	0.526071428571
2900	0.529310344828
3000	0.534
3100	0.539032258065
3200	0.5403125
3300	0.540303030303
3400	0.542647058824
3500	0.545428571429
3600	0.549444444444
3700	0.551351351351
3800	0.556052631579
3900	0.560256410256
4000	0.5635
4100	0.563658536585
4200	0.567380952381
4300	0.569069767442
4400	0.570681818182
4500	0.574
4600	0.577391304348
4700	0.579787234043
4800	0.582916666667
4900	0.584081632653
5000	0.5856
5100	0.588431372549
5200	0.59
5300	0.592075471698
5400	0.594259259259
5500	0.594909090909
5600	0.596071428571
5700	0.597543859649
5800	0.598448275862
5900	0.598644067797
6000	0.600666666667
6100	0.601967213115
6200	0.603225806452
6300	0.603333333333
6400	0.60546875
6500	0.607230769231
6600	0.60803030303
6700	0.608805970149
6800	0.610588235294
6900	0.611014492754
7000	0.612
7100	0.61338028169
7200	0.614444444444
7300	0.614383561644
7400	0.615405405405
7500	0.615866666667
7600	0.616973684211
7700	0.618961038961
7800	0.620512820513
7900	0.621265822785
8000	0.62325
8100	0.624567901235
8200	0.624634146341
8300	0.625542168675
8400	0.626071428571
8500	0.626823529412
8600	0.627906976744
8700	0.629540229885
8800	0.630454545455
8900	0.631573033708
9000	0.632555555556
9100	0.633406593407
9200	0.634239130435
9300	0.635483870968
9400	0.637234042553
9500	0.639052631579
9600	0.6403125
9700	0.64175257732
9800	0.642755102041
9900	0.644545454545
10000	0.6449
11000	0.651090909091
12000	0.6565
13000	0.662076923077
14000	0.668071428571
15000	0.673266666667
16000	0.6775
17000	0.681294117647
18000	0.684222222222
19000	0.688210526316
20000	0.6919
21000	0.694952380952
22000	0.698636363636
23000	0.700086956522
24000	0.70125
25000	0.70268
26000	0.704192307692
27000	0.705666666667
28000	0.707785714286
29000	0.709965517241
30000	0.710966666667
31000	0.711709677419
32000	0.7126875
33000	0.713727272727
34000	0.715235294118
35000	0.7162
36000	0.717527777778
37000	0.719
38000	0.720131578947
39000	0.72
40000	0.721275
41000	0.721926829268
42000	0.722571428571
43000	0.723348837209
44000	0.723909090909
45000	0.724911111111
46000	0.724739130435
47000	0.725063829787
48000	0.725625
49000	0.726367346939
50000	0.72698
51000	0.728235294118
52000	0.728730769231
53000	0.729132075472
54000	0.729925925926
55000	0.730672727273
56000	0.730946428571
57000	0.731596491228
58000	0.732137931034
59000	0.732542372881
60000	0.7332
61000	0.733852459016
62000	0.734306451613
63000	0.73473015873
64000	0.734953125
65000	0.735261538462
66000	0.7355
67000	0.73552238806
68000	0.736117647059
69000	0.736608695652
70000	0.736928571429
71000	0.737309859155
72000	0.737638888889
73000	0.738082191781
74000	0.73827027027
75000	0.738813333333
76000	0.738723684211
77000	0.738831168831
78000	0.738897435897
79000	0.739316455696
80000	0.7396375
81000	0.739777777778
82000	0.74006097561
83000	0.740373493976
84000	0.740880952381
85000	0.741035294118
86000	0.74123255814
87000	0.741586206897
88000	0.741886363636
89000	0.742292134831
90000	0.742566666667
91000	0.742681318681
92000	0.742717391304
93000	0.742989247312
94000	0.743276595745
95000	0.743484210526
96000	0.743927083333
97000	0.744154639175
98000	0.744234693878
99000	0.744606060606
100000	0.74488
110000	0.746272727273
120000	0.747558333333
130000	0.749207692308
140000	0.750114285714
150000	0.75042
160000	0.7508875
170000	0.751794117647
180000	0.752533333333
190000	0.752931578947
200000	0.753825
