0	0
1	0.0
2	0.0
3	0.333333333333
4	0.5
5	0.6
6	0.666666666667
7	0.714285714286
8	0.625
9	0.666666666667
10	0.6
11	0.545454545455
12	0.583333333333
13	0.615384615385
14	0.642857142857
15	0.6
16	0.625
17	0.588235294118
18	0.611111111111
19	0.578947368421
20	0.55
21	0.571428571429
22	0.545454545455
23	0.521739130435
24	0.5
25	0.48
26	0.461538461538
27	0.444444444444
28	0.464285714286
29	0.48275862069
30	0.5
31	0.516129032258
32	0.5
33	0.515151515152
34	0.529411764706
35	0.514285714286
36	0.527777777778
37	0.513513513514
38	0.5
39	0.487179487179
40	0.475
41	0.463414634146
42	0.452380952381
43	0.46511627907
44	0.454545454545
45	0.444444444444
46	0.434782608696
47	0.446808510638
48	0.458333333333
49	0.448979591837
50	0.46
51	0.450980392157
52	0.442307692308
53	0.452830188679
54	0.462962962963
55	0.472727272727
56	0.482142857143
57	0.491228070175
58	0.5
59	0.491525423729
60	0.483333333333
61	0.475409836066
62	0.467741935484
63	0.460317460317
64	0.46875
65	0.461538461538
66	0.469696969697
67	0.462686567164
68	0.455882352941
69	0.463768115942
70	0.471428571429
71	0.478873239437
72	0.486111111111
73	0.479452054795
74	0.486486486486
75	0.48
76	0.473684210526
77	0.467532467532
78	0.474358974359
79	0.481012658228
80	0.475
81	0.481481481481
82	0.475609756098
83	0.481927710843
84	0.488095238095
85	0.494117647059
86	0.488372093023
87	0.48275862069
88	0.477272727273
89	0.483146067416
90	0.477777777778
91	0.483516483516
92	0.478260869565
93	0.483870967742
94	0.478723404255
95	0.484210526316
96	0.489583333333
97	0.494845360825
98	0.5
99	0.505050505051
100	0.5
110	0.527272727273
120	0.508333333333
130	0.523076923077
140	0.521428571429
150	0.54
160	0.53125
170	0.529411764706
180	0.516666666667
190	0.510526315789
200	0.505
210	0.504761904762
220	0.495454545455
230	0.491304347826
240	0.491666666667
250	0.5
260	0.5
270	0.496296296296
280	0.492857142857
290	0.496551724138
300	0.486666666667
310	0.487096774194
320	0.484375
330	0.484848484848
340	0.485294117647
350	0.485714285714
360	0.491666666667
370	0.489189189189
380	0.486842105263
390	0.484615384615
400	0.4875
410	0.485365853659
420	0.478571428571
430	0.476744186047
440	0.479545454545
450	0.482222222222
460	0.476086956522
470	0.474468085106
480	0.479166666667
490	0.471428571429
500	0.476
510	0.478431372549
520	0.480769230769
530	0.479245283019
540	0.483333333333
550	0.487272727273
560	0.491071428571
570	0.489473684211
580	0.484482758621
590	0.479661016949
600	0.48
610	0.477049180328
620	0.479032258065
630	0.474603174603
640	0.4734375
650	0.475384615385
660	0.477272727273
670	0.473134328358
680	0.476470588235
690	0.479710144928
700	0.481428571429
710	0.480281690141
720	0.481944444444
730	0.479452054795
740	0.477027027027
750	0.478666666667
760	0.480263157895
770	0.477922077922
780	0.476923076923
790	0.475949367089
800	0.47625
810	0.476543209877
820	0.476829268293
830	0.478313253012
840	0.479761904762
850	0.48
860	0.479069767442
870	0.480459770115
880	0.480681818182
890	0.484269662921
900	0.481111111111
910	0.479120879121
920	0.477173913043
930	0.476344086022
940	0.476595744681
950	0.477894736842
960	0.476041666667
970	0.476288659794
980	0.476530612245
990	0.474747474747
1000	0.479
1100	0.472727272727
1200	0.470833333333
1300	0.471538461538
1400	0.474285714286
1500	0.476666666667
1600	0.476875
1700	0.479411764706
1800	0.482777777778
1900	0.481052631579
2000	0.48
2100	0.484761904762
2200	0.483636363636
2300	0.487391304348
2400	0.487916666667
2500	0.4908
2600	0.491538461538
2700	0.48962962963
2800	0.485357142857
2900	0.483448275862
3000	0.483666666667
3100	0.482580645161
3200	0.4809375
3300	0.481818181818
3400	0.480588235294
3500	0.482857142857
3600	0.482222222222
3700	0.484594594595
3800	0.485526315789
3900	0.485641025641
4000	0.48575
4100	0.484390243902
4200	0.484523809524
4300	0.484186046512
4400	0.484090909091
4500	0.484222222222
4600	0.482608695652
4700	0.482978723404
4800	0.482708333333
4900	0.482653061224
5000	0.4832
5100	0.481764705882
5200	0.482307692308
5300	0.48320754717
5400	0.484814814815
5500	0.485636363636
5600	0.484464285714
5700	0.484385964912
5800	0.484482758621
5900	0.484237288136
6000	0.486166666667
6100	0.487540983607
6200	0.487096774194
6300	0.486825396825
6400	0.4859375
6500	0.486
6600	0.487121212121
6700	0.487313432836
6800	0.486323529412
6900	0.486811594203
7000	0.488
7100	0.488309859155
7200	0.48875
7300	0.489315068493
7400	0.489864864865
7500	0.489866666667
7600	0.49
7700	0.49
7800	0.489358974359
7900	0.489493670886
8000	0.48975
8100	0.48987654321
8200	0.490731707317
8300	0.491084337349
8400	0.491666666667
8500	0.492235294118
8600	0.491860465116
8700	0.49183908046
8800	0.491704545455
8900	0.491123595506
9000	0.491111111111
9100	0.491208791209
9200	0.490652173913
9300	0.490537634409
9400	0.490212765957
9500	0.490105263158
9600	0.49
9700	0.490412371134
9800	0.491428571429
9900	0.491616161616
10000	0.4918
11000	0.494363636364
12000	0.498083333333
13000	0.500615384615
14000	0.500142857143
15000	0.502
16000	0.5025
17000	0.502235294118
18000	0.501166666667
19000	0.501210526316
20000	0.5008
21000	0.502238095238
22000	0.502772727273
23000	0.501565217391
24000	0.501958333333
25000	0.5016
26000	0.501192307692
27000	0.499703703704
28000	0.499928571429
29000	0.499965517241
30000	0.499166666667
31000	0.499580645161
32000	0.49990625
33000	0.500181818182
34000	0.499882352941
35000	0.4998
36000	0.499638888889
37000	0.49972972973
38000	0.499342105263
39000	0.498974358974
40000	0.499025
41000	0.499024390244
42000	0.499333333333
43000	0.499325581395
44000	0.498704545455
45000	0.499066666667
46000	0.499630434783
47000	0.499276595745
48000	0.499416666667
49000	0.499510204082
50000	0.49998
51000	0.500274509804
52000	0.500173076923
53000	0.500433962264
54000	0.500277777778
55000	0.500145454545
56000	0.499732142857
57000	0.499596491228
58000	0.499448275862
59000	0.499338983051
60000	0.499216666667
61000	0.499344262295
62000	0.499209677419
63000	0.499174603175
64000	0.49946875
65000	0.4992
66000	0.499060606061
67000	0.499134328358
68000	0.499088235294
69000	0.499275362319
70000	0.499157142857
71000	0.498830985915
72000	0.498847222222
73000	0.498821917808
74000	0.498905405405
75000	0.49848
76000	0.498776315789
77000	0.498558441558
78000	0.498730769231
79000	0.498886075949
80000	0.4988
81000	0.499037037037
82000	0.49887804878
83000	0.499
84000	0.498928571429
85000	0.498870588235
86000	0.49888372093
87000	0.499229885057
88000	0.499136363636
89000	0.499146067416
90000	0.499166666667
91000	0.499395604396
92000	0.499630434783
93000	0.499537634409
94000	0.499468085106
95000	0.499189473684
96000	0.4991875
97000	0.499103092784
98000	0.498887755102
99000	0.498636363636
100000	0.49879
110000	0.499109090909
120000	0.499775
130000	0.500176923077
140000	0.500321428571
150000	0.500213333333
160000	0.50005625
170000	0.499494117647
180000	0.499127777778
190000	0.498984210526
200000	0.4992
