0	0
1	0.0
2	0.0
3	0.0
4	0.0
5	0.0
6	0.0
7	0.142857142857
8	0.125
9	0.111111111111
10	0.2
11	0.181818181818
12	0.166666666667
13	0.153846153846
14	0.142857142857
15	0.2
16	0.25
17	0.235294117647
18	0.222222222222
19	0.263157894737
20	0.3
21	0.285714285714
22	0.318181818182
23	0.347826086957
24	0.375
25	0.36
26	0.346153846154
27	0.37037037037
28	0.357142857143
29	0.344827586207
30	0.333333333333
31	0.322580645161
32	0.34375
33	0.363636363636
34	0.382352941176
35	0.4
36	0.416666666667
37	0.432432432432
38	0.447368421053
39	0.435897435897
40	0.425
41	0.439024390244
42	0.452380952381
43	0.441860465116
44	0.454545454545
45	0.444444444444
46	0.45652173913
47	0.468085106383
48	0.458333333333
49	0.469387755102
50	0.48
51	0.490196078431
52	0.480769230769
53	0.490566037736
54	0.481481481481
55	0.490909090909
56	0.5
57	0.491228070175
58	0.5
59	0.491525423729
60	0.483333333333
61	0.491803278689
62	0.483870967742
63	0.492063492063
64	0.5
65	0.492307692308
66	0.484848484848
67	0.492537313433
68	0.5
69	0.507246376812
70	0.514285714286
71	0.521126760563
72	0.513888888889
73	0.520547945205
74	0.513513513514
75	0.506666666667
76	0.5
77	0.493506493506
78	0.5
79	0.506329113924
80	0.5125
81	0.506172839506
82	0.512195121951
83	0.518072289157
84	0.52380952381
85	0.517647058824
86	0.511627906977
87	0.505747126437
88	0.5
89	0.505617977528
90	0.511111111111
91	0.505494505495
92	0.5
93	0.505376344086
94	0.5
95	0.494736842105
96	0.489583333333
97	0.484536082474
98	0.489795918367
99	0.484848484848
100	0.48
110	0.481818181818
120	0.466666666667
130	0.484615384615
140	0.485714285714
150	0.5
160	0.49375
170	0.5
180	0.483333333333
190	0.473684210526
200	0.475
210	0.47619047619
220	0.481818181818
230	0.478260869565
240	0.470833333333
250	0.472
260	0.476923076923
270	0.477777777778
280	0.485714285714
290	0.486206896552
300	0.483333333333
310	0.487096774194
320	0.490625
330	0.490909090909
340	0.494117647059
350	0.494285714286
360	0.494444444444
370	0.489189189189
380	0.489473684211
390	0.482051282051
400	0.4775
410	0.470731707317
420	0.478571428571
430	0.481395348837
440	0.477272727273
450	0.475555555556
460	0.473913043478
470	0.470212765957
480	0.466666666667
490	0.465306122449
500	0.472
510	0.474509803922
520	0.473076923077
530	0.479245283019
540	0.475925925926
550	0.478181818182
560	0.476785714286
570	0.477192982456
580	0.474137931034
590	0.472881355932
600	0.475
610	0.477049180328
620	0.474193548387
630	0.47619047619
640	0.4765625
650	0.478461538462
660	0.475757575758
670	0.473134328358
680	0.475
690	0.471014492754
700	0.468571428571
710	0.471830985915
720	0.470833333333
730	0.471232876712
740	0.471621621622
750	0.472
760	0.471052631579
770	0.472727272727
780	0.474358974359
790	0.470886075949
800	0.47
810	0.469135802469
820	0.470731707317
830	0.469879518072
840	0.470238095238
850	0.468235294118
860	0.468604651163
870	0.466666666667
880	0.464772727273
890	0.466292134831
900	0.463333333333
910	0.465934065934
920	0.464130434783
930	0.464516129032
940	0.465957446809
950	0.463157894737
960	0.4625
970	0.462886597938
980	0.464285714286
990	0.463636363636
1000	0.466
1100	0.47
1200	0.474166666667
1300	0.475384615385
1400	0.477857142857
1500	0.48
1600	0.481875
1700	0.480588235294
1800	0.480555555556
1900	0.480526315789
2000	0.476
2100	0.47619047619
2200	0.476818181818
2300	0.480434782609
2400	0.477916666667
2500	0.4792
2600	0.478076923077
2700	0.475925925926
2800	0.476785714286
2900	0.476551724138
3000	0.482
3100	0.485161290323
3200	0.4871875
3300	0.487575757576
3400	0.487941176471
3500	0.488285714286
3600	0.485277777778
3700	0.488108108108
3800	0.488947368421
3900	0.490256410256
4000	0.49
4100	0.489756097561
4200	0.490238095238
4300	0.492325581395
4400	0.494318181818
4500	0.496666666667
4600	0.496739130435
4700	0.497234042553
4800	0.497291666667
4900	0.498571428571
5000	0.4992
5100	0.499803921569
5200	0.500769230769
5300	0.502452830189
5400	0.504259259259
5500	0.505454545455
5600	0.505892857143
5700	0.505964912281
5800	0.506551724138
5900	0.50813559322
6000	0.509333333333
6100	0.510655737705
6200	0.509838709677
6300	0.511746031746
6400	0.5128125
6500	0.512307692308
6600	0.512272727273
6700	0.511343283582
6800	0.512941176471
6900	0.513623188406
7000	0.513714285714
7100	0.514788732394
7200	0.516111111111
7300	0.517945205479
7400	0.52027027027
7500	0.5208
7600	0.521447368421
7700	0.522207792208
7800	0.523461538462
7900	0.523164556962
8000	0.522875
8100	0.522592592593
8200	0.523292682927
8300	0.52313253012
8400	0.522857142857
8500	0.522941176471
8600	0.523023255814
8700	0.523218390805
8800	0.523409090909
8900	0.523595505618
9000	0.524
9100	0.524835164835
9200	0.524456521739
9300	0.525268817204
9400	0.526489361702
9500	0.526631578947
9600	0.526041666667
9700	0.526597938144
9800	0.52693877551
9900	0.527070707071
10000	0.5273
11000	0.531
12000	0.531666666667
13000	0.534846153846
14000	0.537714285714
15000	0.540533333333
16000	0.5444375
17000	0.547058823529
18000	0.55
19000	0.550789473684
20000	0.5515
21000	0.552857142857
22000	0.554636363636
23000	0.556652173913
24000	0.557583333333
25000	0.55844
26000	0.558192307692
27000	0.559148148148
28000	0.560321428571
29000	0.560413793103
30000	0.5604
31000	0.561580645161
32000	0.56184375
33000	0.562878787879
34000	0.564088235294
35000	0.565371428571
36000	0.56675
37000	0.567351351351
38000	0.567763157895
39000	0.568128205128
40000	0.5683
41000	0.568707317073
42000	0.569452380952
43000	0.570302325581
44000	0.570545454545
45000	0.570822222222
46000	0.57047826087
47000	0.571085106383
48000	0.5716875
49000	0.572428571429
50000	0.57328
51000	0.573431372549
52000	0.573769230769
53000	0.574132075472
54000	0.574907407407
55000	0.575654545455
56000	0.576375
57000	0.576807017544
58000	0.577327586207
59000	0.577661016949
60000	0.577866666667
61000	0.578114754098
62000	0.578629032258
63000	0.57919047619
64000	0.579796875
65000	0.579984615385
66000	0.579818181818
67000	0.58023880597
68000	0.580705882353
69000	0.580811594203
70000	0.581428571429
71000	0.581802816901
72000	0.582013888889
73000	0.582260273973
74000	0.582675675676
75000	0.583133333333
76000	0.583552631579
77000	0.58374025974
78000	0.584128205128
79000	0.584405063291
80000	0.5846125
81000	0.584851851852
82000	0.585243902439
83000	0.585722891566
84000	0.586392857143
85000	0.586788235294
86000	0.587197674419
87000	0.587425287356
88000	0.587784090909
89000	0.588247191011
90000	0.588555555556
91000	0.588945054945
92000	0.5895
93000	0.590107526882
94000	0.59029787234
95000	0.590884210526
96000	0.590833333333
97000	0.591082474227
98000	0.591387755102
99000	0.591565656566
100000	0.59167
110000	0.594554545455
120000	0.596566666667
130000	0.598746153846
140000	0.600564285714
150000	0.602906666667
160000	0.60483125
170000	0.606735294118
180000	0.609183333333
190000	0.611247368421
200000	0.61343
210000	0.615204761905
220000	0.617213636364
230000	0.618904347826
240000	0.620245833333
250000	0.621768
260000	0.623192307692
270000	0.6246
280000	0.626085714286
290000	0.627355172414
300000	0.628836666667
310000	0.6299
320000	0.631103125
330000	0.632239393939
340000	0.633729411765
350000	0.634697142857
360000	0.635888888889
370000	0.637032432432
380000	0.637755263158
390000	0.638830769231
400000	0.6397275
410000	0.640653658537
420000	0.64145952381
430000	0.642330232558
440000	0.643136363636
450000	0.643877777778
460000	0.644647826087
470000	0.645314893617
480000	0.645872916667
490000	0.646569387755
500000	0.647286
510000	0.647968627451
520000	0.648401923077
530000	0.648924528302
540000	0.649531481481
550000	0.650136363636
560000	0.650675
570000	0.651268421053
580000	0.651896551724
590000	0.652476271186
600000	0.652985
610000	0.65347704918
620000	0.654035483871
630000	0.65453015873
640000	0.6550546875
650000	0.655558461538
660000	0.656066666667
670000	0.656511940299
680000	0.656951470588
690000	0.65741884058
700000	0.657808571429
710000	0.658181690141
720000	0.658598611111
730000	0.659123287671
740000	0.659616216216
750000	0.659890666667
760000	0.660236842105
770000	0.660580519481
780000	0.660894871795
790000	0.661293670886
800000	0.6616925
810000	0.662032098765
820000	0.662479268293
830000	0.662834939759
840000	0.663161904762
850000	0.663490588235
860000	0.663840697674
870000	0.664224137931
880000	0.664507954545
890000	0.664947191011
900000	0.665116666667
910000	0.665369230769
920000	0.665581521739
930000	0.665835483871
940000	0.666058510638
950000	0.666366315789
960000	0.666597916667
970000	0.666877319588
980000	0.667175510204
990000	0.667528282828
1000000	0.667747
