0	0
1	0.0
2	0.5
3	0.666666666667
4	0.5
5	0.4
6	0.5
7	0.571428571429
8	0.625
9	0.666666666667
10	0.7
11	0.636363636364
12	0.583333333333
13	0.538461538462
14	0.5
15	0.533333333333
16	0.5625
17	0.588235294118
18	0.611111111111
19	0.631578947368
20	0.65
21	0.666666666667
22	0.681818181818
23	0.652173913043
24	0.625
25	0.6
26	0.576923076923
27	0.592592592593
28	0.607142857143
29	0.620689655172
30	0.633333333333
31	0.645161290323
32	0.625
33	0.606060606061
34	0.617647058824
35	0.628571428571
36	0.611111111111
37	0.621621621622
38	0.631578947368
39	0.615384615385
40	0.625
41	0.609756097561
42	0.595238095238
43	0.581395348837
44	0.568181818182
45	0.555555555556
46	0.565217391304
47	0.574468085106
48	0.583333333333
49	0.571428571429
50	0.58
51	0.588235294118
52	0.576923076923
53	0.584905660377
54	0.574074074074
55	0.563636363636
56	0.571428571429
57	0.578947368421
58	0.586206896552
59	0.593220338983
60	0.6
61	0.606557377049
62	0.596774193548
63	0.587301587302
64	0.59375
65	0.6
66	0.606060606061
67	0.611940298507
68	0.617647058824
69	0.623188405797
70	0.614285714286
71	0.619718309859
72	0.611111111111
73	0.616438356164
74	0.608108108108
75	0.613333333333
76	0.605263157895
77	0.597402597403
78	0.602564102564
79	0.594936708861
80	0.5875
81	0.592592592593
82	0.585365853659
83	0.590361445783
84	0.595238095238
85	0.6
86	0.593023255814
87	0.597701149425
88	0.590909090909
89	0.595505617978
90	0.588888888889
91	0.593406593407
92	0.597826086957
93	0.591397849462
94	0.595744680851
95	0.6
96	0.604166666667
97	0.59793814433
98	0.602040816327
99	0.59595959596
100	0.6
110	0.590909090909
120	0.6
130	0.6
140	0.607142857143
150	0.613333333333
160	0.625
170	0.623529411765
180	0.605555555556
190	0.621052631579
200	0.62
210	0.609523809524
220	0.613636363636
230	0.617391304348
240	0.616666666667
250	0.612
260	0.615384615385
270	0.618518518519
280	0.610714285714
290	0.61724137931
300	0.623333333333
310	0.622580645161
320	0.6125
330	0.609090909091
340	0.605882352941
350	0.602857142857
360	0.602777777778
370	0.605405405405
380	0.607894736842
390	0.610256410256
400	0.61
410	0.607317073171
420	0.609523809524
430	0.609302325581
440	0.613636363636
450	0.611111111111
460	0.60652173913
470	0.604255319149
480	0.608333333333
490	0.60612244898
500	0.608
510	0.601960784314
520	0.603846153846
530	0.601886792453
540	0.598148148148
550	0.6
560	0.603571428571
570	0.60701754386
580	0.606896551724
590	0.608474576271
600	0.608333333333
610	0.604918032787
620	0.604838709677
630	0.603174603175
640	0.6046875
650	0.604615384615
660	0.604545454545
670	0.605970149254
680	0.602941176471
690	0.607246376812
700	0.602857142857
710	0.602816901408
720	0.601388888889
730	0.598630136986
740	0.595945945946
750	0.597333333333
760	0.597368421053
770	0.597402597403
780	0.59358974359
790	0.592405063291
800	0.59375
810	0.596296296296
820	0.596341463415
830	0.596385542169
840	0.59880952381
850	0.597647058824
860	0.6
870	0.601149425287
880	0.601136363636
890	0.604494382022
900	0.606666666667
910	0.604395604396
920	0.60652173913
930	0.604301075269
940	0.605319148936
950	0.605263157895
960	0.605208333333
970	0.605154639175
980	0.60612244898
990	0.605050505051
1000	0.607
1100	0.614545454545
1200	0.615
1300	0.611538461538
1400	0.618571428571
1500	0.614666666667
1600	0.6175
1700	0.618823529412
1800	0.624444444444
1900	0.622105263158
2000	0.626
2100	0.627142857143
2200	0.624090909091
2300	0.624347826087
2400	0.628333333333
2500	0.6284
2600	0.628461538462
2700	0.625925925926
2800	0.6275
2900	0.626551724138
3000	0.626
3100	0.623548387097
3200	0.6228125
3300	0.62
3400	0.620588235294
3500	0.618285714286
3600	0.619444444444
3700	0.62
3800	0.620789473684
3900	0.620256410256
4000	0.6215
4100	0.621951219512
4200	0.620952380952
4300	0.617906976744
4400	0.619318181818
4500	0.62
4600	0.619782608696
4700	0.619787234043
4800	0.618541666667
4900	0.619795918367
5000	0.6228
5100	0.622745098039
5200	0.623461538462
5300	0.625849056604
5400	0.626481481481
5500	0.624909090909
5600	0.625892857143
5700	0.625087719298
5800	0.626206896552
5900	0.626949152542
6000	0.627666666667
6100	0.628032786885
6200	0.628064516129
6300	0.62746031746
6400	0.6271875
6500	0.626769230769
6600	0.628333333333
6700	0.628208955224
6800	0.628823529412
6900	0.629130434783
7000	0.629
7100	0.628732394366
7200	0.628333333333
7300	0.629589041096
7400	0.63
7500	0.630266666667
7600	0.631447368421
7700	0.632467532468
7800	0.633333333333
7900	0.633924050633
8000	0.6345
8100	0.634814814815
8200	0.635
8300	0.634939759036
8400	0.635595238095
8500	0.634470588235
8600	0.63523255814
8700	0.635287356322
8800	0.635
8900	0.635056179775
9000	0.635
9100	0.634725274725
9200	0.635
9300	0.634838709677
9400	0.635425531915
9500	0.636
9600	0.636458333333
9700	0.63618556701
9800	0.636020408163
9900	0.636767676768
10000	0.6372
11000	0.637454545455
12000	0.6395
13000	0.641769230769
14000	0.641928571429
15000	0.6434
16000	0.644125
17000	0.645235294118
18000	0.644722222222
19000	0.644894736842
20000	0.64415
21000	0.643095238095
22000	0.643681818182
23000	0.644434782609
24000	0.645041666667
25000	0.64576
26000	0.645807692308
27000	0.645814814815
28000	0.646785714286
29000	0.647137931034
30000	0.648
31000	0.648677419355
32000	0.65015625
33000	0.650363636364
34000	0.6505
35000	0.650685714286
36000	0.651638888889
37000	0.651756756757
38000	0.652684210526
39000	0.652538461538
40000	0.652275
41000	0.653390243902
42000	0.653452380952
43000	0.653674418605
44000	0.653886363636
45000	0.654377777778
46000	0.655086956522
47000	0.654872340426
48000	0.655
49000	0.655020408163
50000	0.65478
51000	0.655176470588
52000	0.655692307692
53000	0.656358490566
54000	0.656407407407
55000	0.657254545455
56000	0.657910714286
57000	0.658280701754
58000	0.658775862069
59000	0.658661016949
60000	0.6589
61000	0.658491803279
62000	0.65885483871
63000	0.658650793651
64000	0.658515625
65000	0.6586
66000	0.659
67000	0.659223880597
68000	0.659735294118
69000	0.659956521739
70000	0.6607
71000	0.661408450704
72000	0.661597222222
73000	0.661808219178
74000	0.66227027027
75000	0.66244
76000	0.662815789474
77000	0.663103896104
78000	0.663230769231
79000	0.663582278481
80000	0.663825
81000	0.664037037037
82000	0.6645
83000	0.665096385542
84000	0.665285714286
85000	0.665717647059
86000	0.666197674419
87000	0.666436781609
88000	0.666454545455
89000	0.666573033708
90000	0.667
91000	0.667021978022
92000	0.667239130435
93000	0.667172043011
94000	0.667393617021
95000	0.667557894737
96000	0.667479166667
97000	0.667340206186
98000	0.666969387755
99000	0.667131313131
100000	0.66734
110000	0.668854545455
120000	0.6701
130000	0.671984615385
140000	0.672914285714
150000	0.67418
160000	0.67575625
170000	0.6768
180000	0.678205555556
190000	0.679568421053
200000	0.6801
210000	0.680904761905
220000	0.681836363636
230000	0.682660869565
240000	0.683183333333
250000	0.683808
260000	0.684623076923
270000	0.6854
280000	0.68625
290000	0.686720689655
300000	0.687443333333
310000	0.688335483871
320000	0.688940625
330000	0.689460606061
340000	0.690108823529
350000	0.690971428571
360000	0.69135
370000	0.691648648649
380000	0.692207894737
390000	0.692969230769
400000	0.693595
410000	0.694158536585
420000	0.694766666667
430000	0.69536744186
440000	0.695959090909
450000	0.696462222222
460000	0.696967391304
470000	0.697385106383
480000	0.697864583333
490000	0.698269387755
500000	0.698608
510000	0.699056862745
520000	0.699425
530000	0.699624528302
540000	0.699925925926
550000	0.70032
560000	0.700742857143
570000	0.70129122807
580000	0.701686206897
590000	0.702223728814
600000	0.702736666667
610000	0.703150819672
620000	0.70349516129
630000	0.703873015873
640000	0.704175
650000	0.704510769231
660000	0.704806060606
670000	0.705129850746
680000	0.705447058824
690000	0.705795652174
700000	0.705982857143
710000	0.706432394366
720000	0.706777777778
730000	0.707057534247
740000	0.707375675676
750000	0.707746666667
760000	0.708088157895
770000	0.708377922078
780000	0.708664102564
790000	0.709021518987
800000	0.70922625
810000	0.709491358025
820000	0.709837804878
830000	0.710109638554
840000	0.710352380952
850000	0.710594117647
860000	0.710846511628
870000	0.71116091954
880000	0.711402272727
890000	0.711604494382
900000	0.711826666667
910000	0.712014285714
920000	0.712288043478
930000	0.712461290323
940000	0.712776595745
950000	0.712978947368
960000	0.713216666667
970000	0.713455670103
980000	0.713697959184
990000	0.714038383838
1000000	0.714259
