0	0
1	0.0
2	0.0
3	0.333333333333
4	0.5
5	0.4
6	0.5
7	0.428571428571
8	0.5
9	0.444444444444
10	0.5
11	0.545454545455
12	0.583333333333
13	0.615384615385
14	0.571428571429
15	0.6
16	0.5625
17	0.529411764706
18	0.5
19	0.473684210526
20	0.45
21	0.47619047619
22	0.454545454545
23	0.434782608696
24	0.458333333333
25	0.48
26	0.5
27	0.518518518519
28	0.535714285714
29	0.51724137931
30	0.5
31	0.483870967742
32	0.46875
33	0.484848484848
34	0.470588235294
35	0.485714285714
36	0.472222222222
37	0.486486486486
38	0.473684210526
39	0.461538461538
40	0.45
41	0.463414634146
42	0.452380952381
43	0.441860465116
44	0.431818181818
45	0.444444444444
46	0.45652173913
47	0.446808510638
48	0.458333333333
49	0.469387755102
50	0.46
51	0.470588235294
52	0.461538461538
53	0.452830188679
54	0.444444444444
55	0.454545454545
56	0.464285714286
57	0.473684210526
58	0.48275862069
59	0.474576271186
60	0.466666666667
61	0.475409836066
62	0.483870967742
63	0.492063492063
64	0.5
65	0.492307692308
66	0.5
67	0.507462686567
68	0.514705882353
69	0.521739130435
70	0.514285714286
71	0.507042253521
72	0.513888888889
73	0.520547945205
74	0.527027027027
75	0.52
76	0.526315789474
77	0.519480519481
78	0.525641025641
79	0.518987341772
80	0.525
81	0.518518518519
82	0.524390243902
83	0.530120481928
84	0.52380952381
85	0.517647058824
86	0.511627906977
87	0.51724137931
88	0.522727272727
89	0.516853932584
90	0.522222222222
91	0.516483516484
92	0.521739130435
93	0.52688172043
94	0.521276595745
95	0.526315789474
96	0.53125
97	0.536082474227
98	0.540816326531
99	0.545454545455
100	0.54
110	0.554545454545
120	0.533333333333
130	0.538461538462
140	0.535714285714
150	0.526666666667
160	0.55
170	0.547058823529
180	0.533333333333
190	0.531578947368
200	0.525
210	0.528571428571
220	0.518181818182
230	0.526086956522
240	0.520833333333
250	0.528
260	0.523076923077
270	0.52962962963
280	0.525
290	0.524137931034
300	0.52
310	0.525806451613
320	0.521875
330	0.521212121212
340	0.517647058824
350	0.511428571429
360	0.508333333333
370	0.510810810811
380	0.505263157895
390	0.507692307692
400	0.5075
410	0.514634146341
420	0.509523809524
430	0.513953488372
440	0.511363636364
450	0.508888888889
460	0.515217391304
470	0.514893617021
480	0.508333333333
490	0.50612244898
500	0.51
510	0.509803921569
520	0.515384615385
530	0.516981132075
540	0.518518518519
550	0.514545454545
560	0.5125
570	0.514035087719
580	0.513793103448
590	0.513559322034
600	0.511666666667
610	0.513114754098
620	0.516129032258
630	0.51746031746
640	0.5171875
650	0.518461538462
660	0.518181818182
670	0.514925373134
680	0.516176470588
690	0.514492753623
700	0.514285714286
710	0.512676056338
720	0.511111111111
730	0.513698630137
740	0.510810810811
750	0.510666666667
760	0.510526315789
770	0.51038961039
780	0.510256410256
790	0.508860759494
800	0.51
810	0.512345679012
820	0.512195121951
830	0.512048192771
840	0.514285714286
850	0.512941176471
860	0.511627906977
870	0.510344827586
880	0.510227272727
890	0.505617977528
900	0.505555555556
910	0.504395604396
920	0.503260869565
930	0.502150537634
940	0.502127659574
950	0.504210526316
960	0.504166666667
970	0.503092783505
980	0.501020408163
990	0.5
1000	0.497
1100	0.499090909091
1200	0.500833333333
1300	0.504615384615
1400	0.504285714286
1500	0.502666666667
1600	0.5
1700	0.497058823529
1800	0.496111111111
1900	0.497894736842
2000	0.4975
2100	0.499047619048
2200	0.496818181818
2300	0.49652173913
2400	0.497083333333
2500	0.4976
2600	0.499615384615
2700	0.501111111111
2800	0.501071428571
2900	0.5
3000	0.5
3100	0.50064516129
3200	0.500625
3300	0.501818181818
3400	0.500588235294
3500	0.498285714286
3600	0.498055555556
3700	0.496216216216
3800	0.495263157895
3900	0.495128205128
4000	0.49575
4100	0.494634146341
4200	0.496428571429
4300	0.497209302326
4400	0.496363636364
4500	0.493333333333
4600	0.49347826087
4700	0.493191489362
4800	0.495
4900	0.494081632653
5000	0.4932
5100	0.493921568627
5200	0.495576923077
5300	0.495094339623
5400	0.495
5500	0.495454545455
5600	0.495714285714
5700	0.496315789474
5800	0.495862068966
5900	0.495762711864
6000	0.494666666667
6100	0.493606557377
6200	0.495
6300	0.494920634921
6400	0.49640625
6500	0.497230769231
6600	0.498939393939
6700	0.499253731343
6800	0.499264705882
6900	0.499855072464
7000	0.500142857143
7100	0.501408450704
7200	0.502777777778
7300	0.50397260274
7400	0.50472972973
7500	0.506666666667
7600	0.508157894737
7700	0.508701298701
7800	0.508974358974
7900	0.509746835443
8000	0.509875
8100	0.511728395062
8200	0.512195121951
8300	0.512289156627
8400	0.512023809524
8500	0.512117647059
8600	0.512441860465
8700	0.511954022989
8800	0.512386363636
8900	0.512921348315
9000	0.513333333333
9100	0.514285714286
9200	0.514673913043
9300	0.515053763441
9400	0.514893617021
9500	0.514526315789
9600	0.515729166667
9700	0.515670103093
9800	0.515714285714
9900	0.515757575758
10000	0.5158
11000	0.525272727273
12000	0.533416666667
13000	0.538923076923
14000	0.543285714286
15000	0.548466666667
16000	0.551125
17000	0.554176470588
18000	0.558722222222
19000	0.562315789474
20000	0.5653
21000	0.568857142857
22000	0.571409090909
23000	0.571217391304
24000	0.571458333333
25000	0.57264
26000	0.573192307692
27000	0.572555555556
28000	0.570464285714
29000	0.568034482759
30000	0.566433333333
31000	0.564935483871
32000	0.5633125
33000	0.562393939394
34000	0.560647058824
35000	0.5588
36000	0.558666666667
37000	0.557675675676
38000	0.557052631579
39000	0.556615384615
40000	0.555675
41000	0.554317073171
42000	0.55369047619
43000	0.553395348837
44000	0.552681818182
45000	0.551644444444
46000	0.550804347826
47000	0.550063829787
48000	0.549
49000	0.54793877551
50000	0.54718
51000	0.546
52000	0.545230769231
53000	0.544509433962
54000	0.54412962963
55000	0.543490909091
56000	0.542839285714
57000	0.54249122807
58000	0.542068965517
59000	0.542016949153
60000	0.541283333333
61000	0.540393442623
62000	0.53964516129
63000	0.539079365079
64000	0.539234375
65000	0.538861538462
66000	0.538666666667
67000	0.538402985075
68000	0.538264705882
69000	0.539043478261
70000	0.540314285714
71000	0.541704225352
72000	0.542027777778
73000	0.542465753425
74000	0.543405405405
75000	0.544266666667
76000	0.545184210526
77000	0.546051948052
78000	0.547333333333
79000	0.548189873418
80000	0.5488375
81000	0.549259259259
82000	0.550073170732
83000	0.550831325301
84000	0.55119047619
85000	0.552164705882
86000	0.552779069767
87000	0.553172413793
88000	0.553625
89000	0.554438202247
90000	0.555088888889
91000	0.555835164835
92000	0.55647826087
93000	0.557139784946
94000	0.557734042553
95000	0.558421052632
96000	0.559208333333
97000	0.559896907216
98000	0.560479591837
99000	0.56096969697
100000	0.56183
110000	0.568018181818
120000	0.570383333333
130000	0.569953846154
140000	0.57135
150000	0.573573333333
160000	0.57655
170000	0.579358823529
180000	0.576322222222
190000	0.573421052632
200000	0.57171
210000	0.568280952381
220000	0.566327272727
230000	0.564495652174
240000	0.562170833333
250000	0.560776
260000	0.559146153846
270000	0.557022222222
280000	0.555689285714
290000	0.554537931034
300000	0.553546666667
310000	0.55175483871
320000	0.550471875
330000	0.549218181818
340000	0.548208823529
350000	0.546897142857
360000	0.545805555556
370000	0.544478378378
380000	0.543744736842
390000	0.542846153846
400000	0.541535
410000	0.54036097561
420000	0.539197619048
430000	0.538330232558
440000	0.537561363636
450000	0.536746666667
460000	0.53562826087
470000	0.534663829787
480000	0.533866666667
490000	0.533114285714
500000	0.532548
510000	0.532029411765
520000	0.531442307692
530000	0.531152830189
540000	0.530659259259
550000	0.530010909091
560000	0.529464285714
570000	0.528956140351
580000	0.528167241379
590000	0.527423728814
600000	0.526545
610000	0.525826229508
620000	0.52565
630000	0.52550952381
640000	0.524615625
650000	0.523886153846
660000	0.523746969697
670000	0.523325373134
680000	0.523182352941
690000	0.52265942029
700000	0.52231
710000	0.521585915493
720000	0.521106944444
730000	0.520717808219
740000	0.5202
750000	0.519733333333
760000	0.519373684211
770000	0.518888311688
780000	0.518678205128
790000	0.518548101266
800000	0.51826375
810000	0.517950617284
820000	0.517943902439
830000	0.517724096386
840000	0.517480952381
850000	0.517228235294
860000	0.516980232558
870000	0.516603448276
880000	0.516442045455
890000	0.516250561798
900000	0.515698888889
910000	0.515447252747
920000	0.515380434783
930000	0.515159139785
940000	0.515064893617
950000	0.514961052632
960000	0.514907291667
970000	0.514780412371
980000	0.514596938776
990000	0.514244444444
1000000	0.513916
