0	0
1	0.0
2	0.5
3	0.666666666667
4	0.5
5	0.6
6	0.666666666667
7	0.714285714286
8	0.75
9	0.777777777778
10	0.7
11	0.727272727273
12	0.75
13	0.692307692308
14	0.714285714286
15	0.666666666667
16	0.625
17	0.588235294118
18	0.555555555556
19	0.578947368421
20	0.6
21	0.619047619048
22	0.590909090909
23	0.608695652174
24	0.583333333333
25	0.56
26	0.576923076923
27	0.592592592593
28	0.607142857143
29	0.586206896552
30	0.6
31	0.612903225806
32	0.59375
33	0.606060606061
34	0.588235294118
35	0.571428571429
36	0.555555555556
37	0.540540540541
38	0.552631578947
39	0.564102564103
40	0.55
41	0.536585365854
42	0.547619047619
43	0.558139534884
44	0.545454545455
45	0.533333333333
46	0.54347826087
47	0.531914893617
48	0.520833333333
49	0.510204081633
50	0.52
51	0.509803921569
52	0.5
53	0.509433962264
54	0.5
55	0.490909090909
56	0.482142857143
57	0.491228070175
58	0.5
59	0.508474576271
60	0.5
61	0.491803278689
62	0.5
63	0.507936507937
64	0.5
65	0.507692307692
66	0.515151515152
67	0.507462686567
68	0.5
69	0.492753623188
70	0.485714285714
71	0.492957746479
72	0.5
73	0.506849315068
74	0.5
75	0.493333333333
76	0.486842105263
77	0.480519480519
78	0.474358974359
79	0.481012658228
80	0.4875
81	0.493827160494
82	0.487804878049
83	0.493975903614
84	0.488095238095
85	0.482352941176
86	0.476744186047
87	0.471264367816
88	0.465909090909
89	0.47191011236
90	0.477777777778
91	0.472527472527
92	0.478260869565
93	0.47311827957
94	0.478723404255
95	0.473684210526
96	0.479166666667
97	0.474226804124
98	0.469387755102
99	0.474747474747
100	0.48
110	0.481818181818
120	0.466666666667
130	0.476923076923
140	0.478571428571
150	0.493333333333
160	0.48125
170	0.482352941176
180	0.488888888889
190	0.473684210526
200	0.47
210	0.471428571429
220	0.477272727273
230	0.491304347826
240	0.479166666667
250	0.488
260	0.492307692308
270	0.492592592593
280	0.478571428571
290	0.48275862069
300	0.49
310	0.490322580645
320	0.490625
330	0.490909090909
340	0.485294117647
350	0.488571428571
360	0.486111111111
370	0.486486486486
380	0.481578947368
390	0.479487179487
400	0.4775
410	0.480487804878
420	0.480952380952
430	0.476744186047
440	0.479545454545
450	0.477777777778
460	0.480434782609
470	0.48085106383
480	0.48125
490	0.475510204082
500	0.472
510	0.470588235294
520	0.467307692308
530	0.466037735849
540	0.47037037037
550	0.467272727273
560	0.466071428571
570	0.468421052632
580	0.468965517241
590	0.466101694915
600	0.465
610	0.467213114754
620	0.46935483871
630	0.468253968254
640	0.4640625
650	0.463076923077
660	0.463636363636
670	0.465671641791
680	0.466176470588
690	0.46231884058
700	0.461428571429
710	0.459154929577
720	0.4625
730	0.457534246575
740	0.458108108108
750	0.46
760	0.463157894737
770	0.463636363636
780	0.466666666667
790	0.467088607595
800	0.4675
810	0.466666666667
820	0.468292682927
830	0.466265060241
840	0.465476190476
850	0.465882352941
860	0.461627906977
870	0.459770114943
880	0.461363636364
890	0.460674157303
900	0.463333333333
910	0.463736263736
920	0.466304347826
930	0.464516129032
940	0.463829787234
950	0.463157894737
960	0.4625
970	0.461855670103
980	0.460204081633
990	0.458585858586
1000	0.462
1100	0.462727272727
1200	0.4625
1300	0.463846153846
1400	0.463571428571
1500	0.466
1600	0.471875
1700	0.473529411765
1800	0.475555555556
1900	0.477894736842
2000	0.4755
2100	0.47380952381
2200	0.472727272727
2300	0.47347826087
2400	0.47625
2500	0.4744
2600	0.474615384615
2700	0.477037037037
2800	0.479642857143
2900	0.479310344828
3000	0.480333333333
3100	0.479032258065
3200	0.4809375
3300	0.482121212121
3400	0.483235294118
3500	0.484857142857
3600	0.486666666667
3700	0.489189189189
3800	0.490789473684
3900	0.493333333333
4000	0.49425
4100	0.495365853659
4200	0.495476190476
4300	0.494651162791
4400	0.494318181818
4500	0.497111111111
4600	0.49847826087
4700	0.498723404255
4800	0.49875
4900	0.5
5000	0.502
5100	0.502549019608
5200	0.5025
5300	0.502830188679
5400	0.50462962963
5500	0.505090909091
5600	0.506428571429
5700	0.508596491228
5800	0.509655172414
5900	0.509491525424
6000	0.509166666667
6100	0.51
6200	0.511935483871
6300	0.511746031746
6400	0.51296875
6500	0.513846153846
6600	0.515454545455
6700	0.515671641791
6800	0.516470588235
6900	0.517536231884
7000	0.519
7100	0.52
7200	0.521666666667
7300	0.522054794521
7400	0.522837837838
7500	0.523466666667
7600	0.523552631579
7700	0.523636363636
7800	0.524615384615
7900	0.524936708861
8000	0.5255
8100	0.525308641975
8200	0.525243902439
8300	0.525542168675
8400	0.525833333333
8500	0.526
8600	0.526279069767
8700	0.526551724138
8800	0.526931818182
8900	0.527528089888
9000	0.527555555556
9100	0.527362637363
9200	0.528260869565
9300	0.528494623656
9400	0.528404255319
9500	0.529157894737
9600	0.529166666667
9700	0.529896907216
9800	0.530510204082
9900	0.530404040404
10000	0.5307
11000	0.534
12000	0.536916666667
13000	0.537461538462
14000	0.539428571429
15000	0.542466666667
16000	0.5434375
17000	0.545176470588
18000	0.546666666667
19000	0.548
20000	0.54985
21000	0.553238095238
22000	0.554863636364
23000	0.556782608696
24000	0.559041666667
25000	0.5606
26000	0.561884615385
27000	0.563666666667
28000	0.565285714286
29000	0.56675862069
30000	0.567866666667
31000	0.569451612903
32000	0.56965625
33000	0.570787878788
34000	0.572235294118
35000	0.573428571429
36000	0.573861111111
37000	0.573459459459
38000	0.574447368421
39000	0.574615384615
40000	0.575525
41000	0.576682926829
42000	0.577404761905
43000	0.577465116279
44000	0.578090909091
45000	0.577822222222
46000	0.57847826087
47000	0.579489361702
48000	0.58025
49000	0.581081632653
50000	0.58154
51000	0.581862745098
52000	0.582596153846
53000	0.582603773585
54000	0.583351851852
55000	0.583490909091
56000	0.584089285714
57000	0.584771929825
58000	0.585068965517
59000	0.585389830508
60000	0.585783333333
61000	0.586049180328
62000	0.586290322581
63000	0.586984126984
64000	0.587296875
65000	0.587569230769
66000	0.588075757576
67000	0.588462686567
68000	0.588852941176
69000	0.589260869565
70000	0.589342857143
71000	0.589521126761
72000	0.589833333333
73000	0.590438356164
74000	0.590972972973
75000	0.591133333333
76000	0.591328947368
77000	0.591402597403
78000	0.591692307692
79000	0.591936708861
80000	0.592
81000	0.592197530864
82000	0.592317073171
83000	0.592626506024
84000	0.592952380952
85000	0.593247058824
86000	0.593581395349
87000	0.593885057471
88000	0.594170454545
89000	0.594393258427
90000	0.594377777778
91000	0.594703296703
92000	0.594836956522
93000	0.595311827957
94000	0.595393617021
95000	0.595473684211
96000	0.595447916667
97000	0.595711340206
98000	0.59587755102
99000	0.596080808081
100000	0.59624
110000	0.598245454545
120000	0.600841666667
130000	0.603546153846
140000	0.605428571429
150000	0.607306666667
160000	0.60890625
170000	0.610547058824
180000	0.612172222222
190000	0.614226315789
200000	0.615385
210000	0.616695238095
220000	0.617822727273
230000	0.618673913043
240000	0.619716666667
250000	0.621168
260000	0.622126923077
270000	0.623496296296
280000	0.624425
290000	0.625065517241
300000	0.626036666667
310000	0.627080645161
320000	0.62805
330000	0.629096969697
340000	0.629832352941
350000	0.630331428571
360000	0.631227777778
370000	0.63207027027
380000	0.632842105263
390000	0.633656410256
400000	0.6342575
410000	0.634892682927
420000	0.635419047619
430000	0.635944186047
440000	0.636459090909
450000	0.63702
460000	0.637565217391
470000	0.638112765957
480000	0.638489583333
490000	0.638857142857
500000	0.639198
510000	0.639652941176
520000	0.640186538462
530000	0.640569811321
540000	0.640924074074
550000	0.641534545455
560000	0.641817857143
570000	0.642187719298
580000	0.642655172414
590000	0.643142372881
600000	0.643481666667
610000	0.64388852459
620000	0.644201612903
630000	0.644495238095
640000	0.6448640625
650000	0.645252307692
660000	0.64561969697
670000	0.645867164179
680000	0.646077941176
690000	0.646379710145
700000	0.646731428571
710000	0.646908450704
720000	0.647272222222
730000	0.647615068493
740000	0.647978378378
750000	0.648245333333
760000	0.648490789474
770000	0.648814285714
780000	0.649134615385
790000	0.649355696203
800000	0.649665
810000	0.649927160494
820000	0.650225609756
830000	0.650460240964
840000	0.650704761905
850000	0.651002352941
860000	0.651295348837
870000	0.65147816092
880000	0.6517
890000	0.651964044944
900000	0.652142222222
910000	0.65242967033
920000	0.652715217391
930000	0.653040860215
940000	0.653254255319
950000	0.653456842105
960000	0.653723958333
970000	0.653883505155
980000	0.65422244898
990000	0.654380808081
1000000	0.654594
1100000	0.656428181818
1200000	0.658181666667
1300000	0.659840769231
1400000	0.661415714286
1500000	0.662760666667
1600000	0.6639225
1700000	0.664957647059
1800000	0.666072777778
1900000	0.667171578947
2000000	0.668334
2100000	0.669390952381
2200000	0.670284545455
2300000	0.671146956522
2400000	0.67202375
2500000	0.6727856
2600000	0.673542307692
2700000	0.674283703704
2800000	0.6750125
2900000	0.675699310345
3000000	0.676328333333
3100000	0.676974193548
3200000	0.67757625
3300000	0.678253939394
3400000	0.678830588235
3500000	0.679407714286
3600000	0.679977222222
3700000	0.680646216216
3800000	0.681232105263
3900000	0.681831025641
4000000	0.68240125
4100000	0.682916585366
4200000	0.683451904762
