0	0
1	0.0
2	0.0
3	0.333333333333
4	0.25
5	0.2
6	0.166666666667
7	0.142857142857
8	0.125
9	0.111111111111
10	0.2
11	0.272727272727
12	0.333333333333
13	0.307692307692
14	0.285714285714
15	0.333333333333
16	0.375
17	0.411764705882
18	0.444444444444
19	0.473684210526
20	0.5
21	0.47619047619
22	0.454545454545
23	0.434782608696
24	0.458333333333
25	0.48
26	0.461538461538
27	0.481481481481
28	0.464285714286
29	0.48275862069
30	0.5
31	0.483870967742
32	0.46875
33	0.484848484848
34	0.470588235294
35	0.457142857143
36	0.444444444444
37	0.459459459459
38	0.473684210526
39	0.487179487179
40	0.5
41	0.487804878049
42	0.5
43	0.488372093023
44	0.5
45	0.488888888889
46	0.478260869565
47	0.489361702128
48	0.479166666667
49	0.489795918367
50	0.5
51	0.490196078431
52	0.480769230769
53	0.490566037736
54	0.5
55	0.509090909091
56	0.517857142857
57	0.508771929825
58	0.5
59	0.508474576271
60	0.5
61	0.491803278689
62	0.483870967742
63	0.47619047619
64	0.46875
65	0.476923076923
66	0.484848484848
67	0.477611940299
68	0.485294117647
69	0.492753623188
70	0.485714285714
71	0.492957746479
72	0.486111111111
73	0.493150684932
74	0.486486486486
75	0.48
76	0.473684210526
77	0.467532467532
78	0.461538461538
79	0.455696202532
80	0.45
81	0.456790123457
82	0.463414634146
83	0.457831325301
84	0.452380952381
85	0.458823529412
86	0.453488372093
87	0.448275862069
88	0.443181818182
89	0.449438202247
90	0.455555555556
91	0.450549450549
92	0.45652173913
93	0.451612903226
94	0.457446808511
95	0.463157894737
96	0.46875
97	0.474226804124
98	0.479591836735
99	0.484848484848
100	0.49
110	0.481818181818
120	0.483333333333
130	0.484615384615
140	0.507142857143
150	0.506666666667
160	0.50625
170	0.494117647059
180	0.505555555556
190	0.521052631579
200	0.52
210	0.519047619048
220	0.518181818182
230	0.517391304348
240	0.516666666667
250	0.516
260	0.515384615385
270	0.514814814815
280	0.514285714286
290	0.51724137931
300	0.513333333333
310	0.509677419355
320	0.50625
330	0.493939393939
340	0.491176470588
350	0.494285714286
360	0.497222222222
370	0.491891891892
380	0.492105263158
390	0.492307692308
400	0.4925
410	0.487804878049
420	0.483333333333
430	0.479069767442
440	0.477272727273
450	0.475555555556
460	0.471739130435
470	0.465957446809
480	0.464583333333
490	0.463265306122
500	0.462
510	0.464705882353
520	0.465384615385
530	0.467924528302
540	0.464814814815
550	0.470909090909
560	0.475
570	0.473684210526
580	0.474137931034
590	0.474576271186
600	0.471666666667
610	0.472131147541
620	0.472580645161
630	0.471428571429
640	0.4765625
650	0.475384615385
660	0.477272727273
670	0.479104477612
680	0.477941176471
690	0.48115942029
700	0.48
710	0.481690140845
720	0.483333333333
730	0.480821917808
740	0.47972972973
750	0.476
760	0.480263157895
770	0.477922077922
780	0.478205128205
790	0.474683544304
800	0.475
810	0.477777777778
820	0.475609756098
830	0.473493975904
840	0.47380952381
850	0.472941176471
860	0.46976744186
870	0.471264367816
880	0.469318181818
890	0.467415730337
900	0.467777777778
910	0.468131868132
920	0.470652173913
930	0.469892473118
940	0.472340425532
950	0.473684210526
960	0.476041666667
970	0.478350515464
980	0.478571428571
990	0.480808080808
1000	0.478
1100	0.481818181818
1200	0.4825
1300	0.486923076923
1400	0.485
1500	0.488
1600	0.49125
1700	0.494705882353
1800	0.496111111111
1900	0.496315789474
2000	0.499
2100	0.5
2200	0.495
2300	0.493913043478
2400	0.493333333333
2500	0.4948
2600	0.490769230769
2700	0.487407407407
2800	0.489285714286
2900	0.492413793103
3000	0.494
3100	0.496129032258
3200	0.496875
3300	0.497575757576
3400	0.500294117647
3500	0.501142857143
3600	0.501388888889
3700	0.502702702703
3800	0.503421052632
3900	0.503076923077
4000	0.50275
4100	0.501951219512
4200	0.503095238095
4300	0.500930232558
4400	0.5025
4500	0.503333333333
4600	0.504565217391
4700	0.505744680851
4800	0.50625
4900	0.507551020408
5000	0.5056
5100	0.505294117647
5200	0.504038461538
5300	0.502641509434
5400	0.501481481481
5500	0.501090909091
5600	0.501785714286
5700	0.502280701754
5800	0.502413793103
5900	0.502203389831
6000	0.503333333333
6100	0.503442622951
6200	0.502741935484
6300	0.503015873016
6400	0.50375
6500	0.504307692308
6600	0.504696969697
6700	0.504626865672
6800	0.503970588235
6900	0.504927536232
7000	0.504
7100	0.503802816901
7200	0.504305555556
7300	0.504931506849
7400	0.504189189189
7500	0.504266666667
7600	0.504605263158
7700	0.505324675325
7800	0.505128205128
7900	0.504936708861
8000	0.505125
8100	0.506049382716
8200	0.505731707317
8300	0.50578313253
8400	0.50630952381
8500	0.505764705882
8600	0.506046511628
8700	0.505632183908
8800	0.504659090909
8900	0.505505617978
9000	0.505444444444
9100	0.505274725275
9200	0.505217391304
9300	0.504946236559
9400	0.504574468085
9500	0.503684210526
9600	0.504479166667
9700	0.504639175258
9800	0.504387755102
9900	0.504848484848
10000	0.5048
11000	0.505272727273
12000	0.500916666667
13000	0.495
14000	0.487857142857
15000	0.481666666667
16000	0.478
17000	0.475823529412
18000	0.4715
19000	0.468684210526
20000	0.46475
21000	0.462857142857
22000	0.460272727273
23000	0.459391304348
24000	0.458666666667
25000	0.45704
26000	0.456230769231
27000	0.458111111111
28000	0.458178571429
29000	0.456655172414
30000	0.4575
31000	0.458161290323
32000	0.4579375
33000	0.458121212121
34000	0.457735294118
35000	0.458628571429
36000	0.459861111111
37000	0.459594594595
38000	0.459842105263
39000	0.460179487179
40000	0.460975
41000	0.462024390244
42000	0.46269047619
43000	0.46323255814
44000	0.46375
45000	0.464911111111
46000	0.464913043478
47000	0.465063829787
48000	0.464958333333
49000	0.465285714286
50000	0.4657
51000	0.466470588235
52000	0.466826923077
53000	0.466622641509
54000	0.467481481481
55000	0.468072727273
56000	0.468267857143
57000	0.468929824561
58000	0.469793103448
59000	0.47
60000	0.470533333333
61000	0.470704918033
62000	0.471016129032
63000	0.471428571429
64000	0.47203125
65000	0.4728
66000	0.473090909091
67000	0.473507462687
68000	0.473705882353
69000	0.473608695652
70000	0.474142857143
71000	0.473774647887
72000	0.474041666667
73000	0.474082191781
74000	0.474324324324
75000	0.475013333333
76000	0.475263157895
77000	0.475467532468
78000	0.475743589744
79000	0.476151898734
80000	0.4763375
81000	0.476604938272
82000	0.476707317073
83000	0.476734939759
84000	0.47675
85000	0.476929411765
86000	0.477
87000	0.47691954023
88000	0.476965909091
89000	0.477258426966
90000	0.477533333333
91000	0.477736263736
92000	0.477913043478
93000	0.478053763441
94000	0.478361702128
95000	0.478389473684
96000	0.478614583333
97000	0.478597938144
98000	0.478673469388
99000	0.478777777778
100000	0.47903
110000	0.478690909091
120000	0.477341666667
130000	0.475484615385
140000	0.474478571429
150000	0.47284
160000	0.4714875
170000	0.470688235294
180000	0.470161111111
190000	0.469936842105
200000	0.470045
210000	0.470071428571
220000	0.469322727273
230000	0.469204347826
240000	0.469808333333
250000	0.470316
260000	0.470292307692
270000	0.470903703704
280000	0.471567857143
290000	0.472034482759
300000	0.47258
310000	0.473241935484
320000	0.473703125
330000	0.474493939394
340000	0.474902941176
350000	0.475585714286
360000	0.476030555556
370000	0.476532432432
380000	0.477013157895
390000	0.477561538462
400000	0.4778975
410000	0.477865853659
420000	0.47810952381
430000	0.478488372093
440000	0.47865
450000	0.478728888889
460000	0.478752173913
470000	0.479017021277
480000	0.479389583333
490000	0.479591836735
500000	0.479698
510000	0.479711764706
520000	0.480146153846
530000	0.480324528302
540000	0.480437037037
550000	0.480463636364
560000	0.480414285714
570000	0.480550877193
580000	0.480674137931
590000	0.480781355932
600000	0.480791666667
610000	0.480783606557
620000	0.480883870968
630000	0.480942857143
640000	0.48090625
650000	0.480964615385
660000	0.480956060606
670000	0.480920895522
680000	0.48075
690000	0.480739130435
700000	0.480574285714
710000	0.480652112676
720000	0.480533333333
730000	0.48038630137
740000	0.480295945946
750000	0.480198666667
760000	0.480201315789
770000	0.480216883117
780000	0.480146153846
790000	0.480091139241
800000	0.4800275
810000	0.479795061728
820000	0.479732926829
830000	0.479687951807
840000	0.479563095238
850000	0.479510588235
860000	0.479560465116
870000	0.479487356322
880000	0.479471590909
890000	0.479419101124
900000	0.479311111111
910000	0.479203296703
920000	0.479197826087
930000	0.479097849462
940000	0.478969148936
950000	0.479045263158
960000	0.478877083333
970000	0.478725773196
980000	0.478704081633
990000	0.478690909091
1000000	0.478667
