0	0
1	0.0
2	0.0
3	0.0
4	0.0
5	0.0
6	0.166666666667
7	0.142857142857
8	0.125
9	0.111111111111
10	0.1
11	0.0909090909091
12	0.0833333333333
13	0.0769230769231
14	0.0714285714286
15	0.0666666666667
16	0.125
17	0.117647058824
18	0.166666666667
19	0.210526315789
20	0.2
21	0.190476190476
22	0.227272727273
23	0.217391304348
24	0.208333333333
25	0.24
26	0.230769230769
27	0.259259259259
28	0.25
29	0.241379310345
30	0.233333333333
31	0.225806451613
32	0.21875
33	0.242424242424
34	0.264705882353
35	0.257142857143
36	0.25
37	0.243243243243
38	0.263157894737
39	0.25641025641
40	0.25
41	0.243902439024
42	0.238095238095
43	0.255813953488
44	0.25
45	0.244444444444
46	0.239130434783
47	0.234042553191
48	0.229166666667
49	0.224489795918
50	0.22
51	0.21568627451
52	0.211538461538
53	0.22641509434
54	0.222222222222
55	0.218181818182
56	0.232142857143
57	0.228070175439
58	0.224137931034
59	0.220338983051
60	0.216666666667
61	0.213114754098
62	0.209677419355
63	0.222222222222
64	0.21875
65	0.215384615385
66	0.212121212121
67	0.223880597015
68	0.235294117647
69	0.231884057971
70	0.228571428571
71	0.225352112676
72	0.222222222222
73	0.219178082192
74	0.22972972973
75	0.226666666667
76	0.223684210526
77	0.220779220779
78	0.217948717949
79	0.215189873418
80	0.2125
81	0.20987654321
82	0.219512195122
83	0.21686746988
84	0.22619047619
85	0.223529411765
86	0.220930232558
87	0.218390804598
88	0.227272727273
89	0.224719101124
90	0.222222222222
91	0.21978021978
92	0.217391304348
93	0.225806451613
94	0.223404255319
95	0.221052631579
96	0.21875
97	0.216494845361
98	0.224489795918
99	0.222222222222
100	0.22
110	0.218181818182
120	0.208333333333
130	0.223076923077
140	0.221428571429
150	0.226666666667
160	0.21875
170	0.217647058824
180	0.216666666667
190	0.215789473684
200	0.225
210	0.219047619048
220	0.213636363636
230	0.221739130435
240	0.225
250	0.232
260	0.226923076923
270	0.222222222222
280	0.221428571429
290	0.21724137931
300	0.213333333333
310	0.212903225806
320	0.215625
330	0.215151515152
340	0.214705882353
350	0.217142857143
360	0.225
370	0.227027027027
380	0.223684210526
390	0.223076923077
400	0.2175
410	0.214634146341
420	0.214285714286
430	0.211627906977
440	0.209090909091
450	0.206666666667
460	0.204347826087
470	0.204255319149
480	0.20625
490	0.208163265306
500	0.206
510	0.205882352941
520	0.203846153846
530	0.207547169811
540	0.211111111111
550	0.210909090909
560	0.210714285714
570	0.208771929825
580	0.210344827586
590	0.210169491525
600	0.21
610	0.209836065574
620	0.211290322581
630	0.209523809524
640	0.20625
650	0.206153846154
660	0.206060606061
670	0.207462686567
680	0.210294117647
690	0.210144927536
700	0.211428571429
710	0.211267605634
720	0.211111111111
730	0.209589041096
740	0.209459459459
750	0.210666666667
760	0.210526315789
770	0.211688311688
780	0.212820512821
790	0.211392405063
800	0.21125
810	0.20987654321
820	0.207317073171
830	0.206024096386
840	0.204761904762
850	0.204705882353
860	0.204651162791
870	0.205747126437
880	0.205681818182
890	0.205617977528
900	0.204444444444
910	0.206593406593
920	0.205434782609
930	0.204301075269
940	0.204255319149
950	0.205263157895
960	0.203125
970	0.20412371134
980	0.20306122449
990	0.20202020202
1000	0.201
1100	0.200909090909
1200	0.196666666667
1300	0.195384615385
1400	0.195
1500	0.192666666667
1600	0.19375
1700	0.196470588235
1800	0.196666666667
1900	0.196842105263
2000	0.1965
2100	0.200476190476
2200	0.200454545455
2300	0.204347826087
2400	0.205833333333
2500	0.206
2600	0.204615384615
2700	0.206296296296
2800	0.207142857143
2900	0.207586206897
3000	0.212
3100	0.213548387097
3200	0.2140625
3300	0.215757575758
3400	0.214117647059
3500	0.215142857143
3600	0.216388888889
3700	0.216486486486
3800	0.217105263158
3900	0.217435897436
4000	0.21725
4100	0.218048780488
4200	0.21880952381
4300	0.218837209302
4400	0.220454545455
4500	0.221111111111
4600	0.221086956522
4700	0.22170212766
4800	0.2225
4900	0.222653061224
5000	0.2248
5100	0.225882352941
5200	0.226346153846
5300	0.225471698113
5400	0.225185185185
5500	0.226181818182
5600	0.227857142857
5700	0.229473684211
5800	0.230172413793
5900	0.231186440678
6000	0.232
6100	0.232786885246
6200	0.233225806452
6300	0.233333333333
6400	0.235625
6500	0.238615384615
6600	0.239696969697
6700	0.241194029851
6800	0.241176470588
6900	0.242028985507
7000	0.243142857143
7100	0.244788732394
7200	0.245694444444
7300	0.245890410959
7400	0.246891891892
7500	0.2488
7600	0.251184210526
7700	0.251428571429
7800	0.252435897436
7900	0.255063291139
8000	0.2555
8100	0.255802469136
8200	0.256951219512
8300	0.259156626506
8400	0.258928571429
8500	0.26
8600	0.261162790698
8700	0.262183908046
8800	0.262954545455
8900	0.262247191011
9000	0.262444444444
9100	0.263626373626
9200	0.263260869565
9300	0.26376344086
9400	0.263936170213
9500	0.263789473684
9600	0.264166666667
9700	0.264432989691
9800	0.264387755102
9900	0.263939393939
10000	0.2643
11000	0.265363636364
12000	0.26675
13000	0.270384615385
14000	0.274071428571
15000	0.276333333333
16000	0.2785
17000	0.279529411765
18000	0.280555555556
19000	0.281684210526
20000	0.28225
21000	0.283428571429
22000	0.285590909091
23000	0.287695652174
24000	0.289166666667
25000	0.29052
26000	0.291538461538
27000	0.292962962963
28000	0.294321428571
29000	0.295896551724
30000	0.298
31000	0.299967741935
32000	0.30059375
33000	0.301757575758
34000	0.302382352941
35000	0.303857142857
36000	0.304583333333
37000	0.305918918919
38000	0.308578947368
39000	0.310923076923
40000	0.31205
41000	0.312585365854
42000	0.313761904762
43000	0.314674418605
44000	0.315295454545
45000	0.316
46000	0.317065217391
47000	0.317340425532
48000	0.31825
49000	0.319081632653
50000	0.32006
51000	0.320901960784
52000	0.321230769231
53000	0.321773584906
54000	0.322166666667
55000	0.322890909091
56000	0.323696428571
57000	0.323964912281
58000	0.324327586207
59000	0.325186440678
60000	0.325783333333
61000	0.326262295082
62000	0.32664516129
63000	0.327031746032
64000	0.3275
65000	0.328184615385
66000	0.328651515152
67000	0.328880597015
68000	0.330088235294
69000	0.331391304348
70000	0.331871428571
71000	0.332394366197
72000	0.333277777778
73000	0.333589041096
74000	0.334837837838
75000	0.335493333333
76000	0.336710526316
77000	0.338077922078
78000	0.339217948718
79000	0.339759493671
80000	0.340625
81000	0.341987654321
82000	0.343658536585
83000	0.345144578313
84000	0.345726190476
85000	0.346011764706
86000	0.346593023256
87000	0.347310344828
88000	0.347886363636
89000	0.348528089888
90000	0.349522222222
91000	0.349956043956
92000	0.351097826087
93000	0.352032258065
94000	0.352542553191
95000	0.353568421053
96000	0.354708333333
97000	0.355268041237
98000	0.356142857143
99000	0.356676767677
100000	0.3572
110000	0.3646
120000	0.3701
130000	0.3755
140000	0.380492857143
150000	0.384966666667
160000	0.3898375
170000	0.393852941176
180000	0.39735
190000	0.400010526316
200000	0.402445
210000	0.405747619048
220000	0.407618181818
230000	0.410817391304
240000	0.413933333333
250000	0.41656
260000	0.418457692308
270000	0.420625925926
280000	0.422035714286
290000	0.423189655172
300000	0.42438
310000	0.425287096774
320000	0.426684375
330000	0.427745454545
340000	0.428552941176
350000	0.429197142857
360000	0.429388888889
370000	0.429751351351
380000	0.430305263158
390000	0.431384615385
400000	0.4324575
410000	0.433280487805
420000	0.434380952381
430000	0.435827906977
440000	0.4369
450000	0.437557777778
460000	0.438263043478
470000	0.439131914894
480000	0.4396
490000	0.440310204082
500000	0.441018
510000	0.441150980392
520000	0.441390384615
530000	0.441481132075
540000	0.441935185185
550000	0.442592727273
560000	0.443141071429
570000	0.443659649123
580000	0.443920689655
590000	0.443877966102
600000	0.444228333333
610000	0.444762295082
620000	0.444988709677
630000	0.44560952381
640000	0.446328125
650000	0.446823076923
660000	0.447039393939
670000	0.447785074627
680000	0.448201470588
690000	0.448720289855
700000	0.449251428571
710000	0.450015492958
720000	0.450623611111
730000	0.451179452055
740000	0.451714864865
750000	0.452233333333
760000	0.452705263158
770000	0.453192207792
780000	0.453569230769
790000	0.45384556962
800000	0.4542275
810000	0.454522222222
820000	0.45496097561
830000	0.455290361446
840000	0.455730952381
850000	0.456375294118
860000	0.456896511628
870000	0.457472413793
880000	0.457993181818
890000	0.458466292135
900000	0.458858888889
910000	0.459224175824
920000	0.459536956522
930000	0.459913978495
940000	0.460146808511
950000	0.460321052632
960000	0.460495833333
970000	0.460724742268
980000	0.461107142857
990000	0.461419191919
1000000	0.461623
