0	0
1	0.0
2	0.5
3	0.666666666667
4	0.75
5	0.8
6	0.833333333333
7	0.714285714286
8	0.75
9	0.666666666667
10	0.7
11	0.727272727273
12	0.75
13	0.769230769231
14	0.785714285714
15	0.733333333333
16	0.6875
17	0.705882352941
18	0.722222222222
19	0.736842105263
20	0.75
21	0.761904761905
22	0.772727272727
23	0.782608695652
24	0.791666666667
25	0.76
26	0.769230769231
27	0.740740740741
28	0.75
29	0.758620689655
30	0.733333333333
31	0.741935483871
32	0.75
33	0.757575757576
34	0.764705882353
35	0.771428571429
36	0.777777777778
37	0.756756756757
38	0.763157894737
39	0.74358974359
40	0.725
41	0.707317073171
42	0.690476190476
43	0.697674418605
44	0.704545454545
45	0.688888888889
46	0.695652173913
47	0.702127659574
48	0.708333333333
49	0.714285714286
50	0.7
51	0.705882352941
52	0.711538461538
53	0.716981132075
54	0.703703703704
55	0.709090909091
56	0.696428571429
57	0.701754385965
58	0.706896551724
59	0.71186440678
60	0.716666666667
61	0.72131147541
62	0.725806451613
63	0.730158730159
64	0.71875
65	0.707692307692
66	0.712121212121
67	0.701492537313
68	0.691176470588
69	0.695652173913
70	0.685714285714
71	0.69014084507
72	0.694444444444
73	0.698630136986
74	0.702702702703
75	0.693333333333
76	0.684210526316
77	0.675324675325
78	0.679487179487
79	0.683544303797
80	0.6875
81	0.691358024691
82	0.682926829268
83	0.686746987952
84	0.690476190476
85	0.694117647059
86	0.697674418605
87	0.689655172414
88	0.693181818182
89	0.696629213483
90	0.7
91	0.703296703297
92	0.70652173913
93	0.709677419355
94	0.702127659574
95	0.705263157895
96	0.708333333333
97	0.701030927835
98	0.704081632653
99	0.707070707071
100	0.7
110	0.727272727273
120	0.733333333333
130	0.723076923077
140	0.735714285714
150	0.733333333333
160	0.71875
170	0.7
180	0.705555555556
190	0.715789473684
200	0.715
210	0.719047619048
220	0.718181818182
230	0.721739130435
240	0.7125
250	0.708
260	0.707692307692
270	0.711111111111
280	0.703571428571
290	0.7
300	0.706666666667
310	0.709677419355
320	0.7125
330	0.709090909091
340	0.708823529412
350	0.708571428571
360	0.708333333333
370	0.713513513514
380	0.718421052632
390	0.717948717949
400	0.725
410	0.719512195122
420	0.716666666667
430	0.711627906977
440	0.715909090909
450	0.717777777778
460	0.719565217391
470	0.714893617021
480	0.714583333333
490	0.714285714286
500	0.714
510	0.713725490196
520	0.713461538462
530	0.71320754717
540	0.714814814815
550	0.712727272727
560	0.714285714286
570	0.708771929825
580	0.710344827586
590	0.710169491525
600	0.71
610	0.708196721311
620	0.704838709677
630	0.703174603175
640	0.7046875
650	0.704615384615
660	0.704545454545
670	0.701492537313
680	0.702941176471
690	0.704347826087
700	0.707142857143
710	0.70985915493
720	0.706944444444
730	0.709589041096
740	0.710810810811
750	0.712
760	0.711842105263
770	0.711688311688
780	0.710256410256
790	0.711392405063
800	0.71375
810	0.714814814815
820	0.715853658537
830	0.715662650602
840	0.717857142857
850	0.718823529412
860	0.71976744186
870	0.718390804598
880	0.717045454545
890	0.715730337079
900	0.717777777778
910	0.71978021978
920	0.720652173913
930	0.721505376344
940	0.722340425532
950	0.723157894737
960	0.722916666667
970	0.719587628866
980	0.718367346939
990	0.717171717172
1000	0.717
1100	0.72
1200	0.721666666667
1300	0.716153846154
1400	0.715714285714
1500	0.708
1600	0.715625
1700	0.716470588235
1800	0.712222222222
1900	0.714210526316
2000	0.7165
2100	0.718571428571
2200	0.719545454545
2300	0.721304347826
2400	0.720833333333
2500	0.7224
2600	0.720769230769
2700	0.72
2800	0.7225
2900	0.721724137931
3000	0.721
3100	0.721290322581
3200	0.7209375
3300	0.720909090909
3400	0.720882352941
3500	0.720571428571
3600	0.719444444444
3700	0.719189189189
3800	0.719473684211
3900	0.718717948718
4000	0.7185
4100	0.720243902439
4200	0.720238095238
4300	0.720930232558
4400	0.719545454545
4500	0.720666666667
4600	0.72152173913
4700	0.720638297872
4800	0.72
4900	0.72
5000	0.7206
5100	0.720588235294
5200	0.720384615385
5300	0.720566037736
5400	0.721851851852
5500	0.721454545455
5600	0.721607142857
5700	0.720175438596
5800	0.719137931034
5900	0.719830508475
6000	0.719666666667
6100	0.719016393443
6200	0.719677419355
6300	0.720317460317
6400	0.72109375
6500	0.721384615385
6600	0.721363636364
6700	0.722089552239
6800	0.722205882353
6900	0.72231884058
7000	0.721285714286
7100	0.721126760563
7200	0.722361111111
7300	0.722328767123
7400	0.722432432432
7500	0.722533333333
7600	0.723026315789
7700	0.722727272727
7800	0.723461538462
7900	0.725189873418
8000	0.725875
8100	0.726419753086
8200	0.726219512195
8300	0.726024096386
8400	0.726666666667
8500	0.726117647059
8600	0.725697674419
8700	0.725517241379
8800	0.726136363636
8900	0.72595505618
9000	0.726222222222
9100	0.726483516484
9200	0.727173913043
9300	0.72752688172
9400	0.728510638298
9500	0.728
9600	0.728125
9700	0.727525773196
9800	0.727959183673
9900	0.727676767677
10000	0.7277
11000	0.728909090909
12000	0.730083333333
13000	0.729230769231
14000	0.732214285714
15000	0.732133333333
16000	0.7328125
17000	0.734470588235
18000	0.7355
19000	0.736263157895
20000	0.7368
21000	0.736333333333
22000	0.737363636364
23000	0.737869565217
24000	0.737791666667
25000	0.73788
26000	0.737923076923
27000	0.739037037037
28000	0.738857142857
29000	0.739034482759
30000	0.739266666667
31000	0.738548387097
32000	0.73859375
33000	0.738181818182
34000	0.738411764706
35000	0.738485714286
36000	0.738944444444
37000	0.738648648649
38000	0.739105263158
39000	0.739487179487
40000	0.739775
41000	0.740536585366
42000	0.740166666667
43000	0.739976744186
44000	0.739477272727
45000	0.739088888889
46000	0.739239130435
47000	0.739425531915
48000	0.739666666667
49000	0.73993877551
50000	0.74026
51000	0.740078431373
52000	0.740384615385
53000	0.740471698113
54000	0.740777777778
55000	0.741072727273
56000	0.74125
57000	0.741280701754
58000	0.741120689655
59000	0.741237288136
60000	0.7415
61000	0.741590163934
62000	0.741338709677
63000	0.74153968254
64000	0.74184375
65000	0.741830769231
66000	0.741863636364
67000	0.742208955224
68000	0.742279411765
69000	0.742492753623
70000	0.743071428571
71000	0.743197183099
72000	0.743472222222
73000	0.743465753425
74000	0.743459459459
75000	0.743413333333
76000	0.743355263158
77000	0.743584415584
78000	0.743628205128
79000	0.74353164557
80000	0.74355
81000	0.74349382716
82000	0.743573170732
83000	0.743795180723
84000	0.744035714286
85000	0.744247058824
86000	0.744604651163
87000	0.744563218391
88000	0.744784090909
89000	0.744797752809
90000	0.744533333333
91000	0.744637362637
92000	0.744891304348
93000	0.745043010753
94000	0.745265957447
95000	0.745189473684
96000	0.7453125
97000	0.745402061856
98000	0.745183673469
99000	0.745363636364
100000	0.74546
110000	0.745490909091
120000	0.746716666667
130000	0.748
140000	0.749085714286
150000	0.749933333333
160000	0.75025
170000	0.751641176471
180000	0.752188888889
190000	0.753142105263
200000	0.754205
210000	0.754780952381
220000	0.755472727273
230000	0.755873913043
240000	0.756433333333
250000	0.757132
260000	0.757834615385
270000	0.758211111111
280000	0.759185714286
290000	0.75954137931
300000	0.759953333333
310000	0.760412903226
320000	0.760815625
330000	0.761181818182
340000	0.761655882353
350000	0.762177142857
360000	0.762555555556
370000	0.762937837838
380000	0.763323684211
390000	0.763894871795
400000	0.7643675
410000	0.764680487805
420000	0.765069047619
430000	0.765565116279
440000	0.765740909091
450000	0.766168888889
460000	0.766417391304
470000	0.766729787234
480000	0.767075
490000	0.76736122449
500000	0.76753
510000	0.76787254902
520000	0.768155769231
530000	0.768452830189
540000	0.768638888889
550000	0.769029090909
560000	0.769298214286
570000	0.769580701754
580000	0.769848275862
590000	0.770115254237
600000	0.770328333333
610000	0.770409836066
620000	0.770682258065
630000	0.770912698413
640000	0.7712734375
650000	0.771687692308
660000	0.771946969697
670000	0.772247761194
680000	0.772505882353
690000	0.772827536232
700000	0.77308
710000	0.773342253521
720000	0.773651388889
730000	0.7738
740000	0.774067567568
750000	0.774294666667
760000	0.774380263158
770000	0.77461038961
780000	0.774796153846
790000	0.774979746835
800000	0.77518
810000	0.775451851852
820000	0.775713414634
830000	0.775951807229
840000	0.776233333333
850000	0.776528235294
860000	0.776738372093
870000	0.777011494253
880000	0.777215909091
890000	0.777424719101
900000	0.777648888889
910000	0.777868131868
920000	0.778070652174
930000	0.778260215054
940000	0.778512765957
950000	0.778653684211
960000	0.778858333333
970000	0.779142268041
980000	0.779306122449
990000	0.779495959596
1000000	0.779727
