0	0
1	0.0
2	0.0
3	0.0
4	0.25
5	0.2
6	0.333333333333
7	0.428571428571
8	0.5
9	0.555555555556
10	0.5
11	0.454545454545
12	0.416666666667
13	0.384615384615
14	0.428571428571
15	0.4
16	0.4375
17	0.470588235294
18	0.5
19	0.473684210526
20	0.5
21	0.47619047619
22	0.5
23	0.521739130435
24	0.541666666667
25	0.56
26	0.576923076923
27	0.555555555556
28	0.571428571429
29	0.586206896552
30	0.566666666667
31	0.548387096774
32	0.53125
33	0.545454545455
34	0.558823529412
35	0.571428571429
36	0.583333333333
37	0.567567567568
38	0.578947368421
39	0.564102564103
40	0.55
41	0.560975609756
42	0.547619047619
43	0.558139534884
44	0.568181818182
45	0.577777777778
46	0.586956521739
47	0.574468085106
48	0.5625
49	0.551020408163
50	0.54
51	0.549019607843
52	0.538461538462
53	0.528301886792
54	0.537037037037
55	0.527272727273
56	0.517857142857
57	0.508771929825
58	0.51724137931
59	0.525423728814
60	0.516666666667
61	0.524590163934
62	0.516129032258
63	0.507936507937
64	0.515625
65	0.523076923077
66	0.515151515152
67	0.522388059701
68	0.514705882353
69	0.521739130435
70	0.528571428571
71	0.535211267606
72	0.541666666667
73	0.547945205479
74	0.540540540541
75	0.546666666667
76	0.539473684211
77	0.545454545455
78	0.538461538462
79	0.53164556962
80	0.5375
81	0.543209876543
82	0.548780487805
83	0.542168674699
84	0.535714285714
85	0.529411764706
86	0.53488372093
87	0.540229885057
88	0.545454545455
89	0.550561797753
90	0.544444444444
91	0.549450549451
92	0.554347826087
93	0.559139784946
94	0.553191489362
95	0.547368421053
96	0.552083333333
97	0.546391752577
98	0.551020408163
99	0.555555555556
100	0.55
110	0.536363636364
120	0.533333333333
130	0.515384615385
140	0.521428571429
150	0.506666666667
160	0.50625
170	0.5
180	0.5
190	0.505263157895
200	0.51
210	0.504761904762
220	0.5
230	0.508695652174
240	0.504166666667
250	0.508
260	0.511538461538
270	0.503703703704
280	0.5
290	0.5
300	0.496666666667
310	0.496774193548
320	0.49375
330	0.5
340	0.508823529412
350	0.511428571429
360	0.511111111111
370	0.513513513514
380	0.518421052632
390	0.525641025641
400	0.5275
410	0.526829268293
420	0.52380952381
430	0.525581395349
440	0.529545454545
450	0.531111111111
460	0.532608695652
470	0.534042553191
480	0.5375
490	0.534693877551
500	0.53
510	0.527450980392
520	0.530769230769
530	0.532075471698
540	0.533333333333
550	0.536363636364
560	0.5375
570	0.535087719298
580	0.537931034483
590	0.533898305085
600	0.533333333333
610	0.529508196721
620	0.524193548387
630	0.519047619048
640	0.525
650	0.524615384615
660	0.521212121212
670	0.516417910448
680	0.514705882353
690	0.515942028986
700	0.517142857143
710	0.515492957746
720	0.518055555556
730	0.515068493151
740	0.517567567568
750	0.516
760	0.514473684211
770	0.514285714286
780	0.514102564103
790	0.512658227848
800	0.515
810	0.516049382716
820	0.514634146341
830	0.512048192771
840	0.511904761905
850	0.512941176471
860	0.511627906977
870	0.510344827586
880	0.510227272727
890	0.511235955056
900	0.508888888889
910	0.508791208791
920	0.508695652174
930	0.510752688172
940	0.51170212766
950	0.514736842105
960	0.513541666667
970	0.514432989691
980	0.516326530612
990	0.516161616162
1000	0.517
1100	0.51
1200	0.51
1300	0.512307692308
1400	0.512142857143
1500	0.517333333333
1600	0.5125
1700	0.510588235294
1800	0.511111111111
1900	0.507368421053
2000	0.5065
2100	0.509523809524
2200	0.505454545455
2300	0.503913043478
2400	0.50625
2500	0.5064
2600	0.506923076923
2700	0.507407407407
2800	0.5025
2900	0.502068965517
3000	0.500333333333
3100	0.501290322581
3200	0.5028125
3300	0.505151515152
3400	0.505
3500	0.505142857143
3600	0.505277777778
3700	0.507027027027
3800	0.507368421053
3900	0.509743589744
4000	0.51
4100	0.510487804878
4200	0.509523809524
4300	0.511395348837
4400	0.511136363636
4500	0.510444444444
4600	0.510869565217
4700	0.512340425532
4800	0.511666666667
4900	0.512040816327
5000	0.5108
5100	0.510392156863
5200	0.513076923077
5300	0.513396226415
5400	0.514074074074
5500	0.514363636364
5600	0.514821428571
5700	0.516315789474
5800	0.516206896552
5900	0.516271186441
6000	0.515833333333
6100	0.516229508197
6200	0.51564516129
6300	0.516666666667
6400	0.51828125
6500	0.518
6600	0.519696969697
6700	0.519850746269
6800	0.521176470588
6900	0.521014492754
7000	0.521714285714
7100	0.521830985915
7200	0.5225
7300	0.523835616438
7400	0.524594594595
7500	0.5248
7600	0.524605263158
7700	0.525974025974
7800	0.526923076923
7900	0.527088607595
8000	0.527375
8100	0.527654320988
8200	0.528658536585
8300	0.528554216867
8400	0.52880952381
8500	0.529058823529
8600	0.52988372093
8700	0.531034482759
8800	0.530227272727
8900	0.530449438202
9000	0.530888888889
9100	0.531098901099
9200	0.531630434783
9300	0.531075268817
9400	0.531595744681
9500	0.531789473684
9600	0.532395833333
9700	0.532989690722
9800	0.533775510204
9900	0.533939393939
10000	0.5339
11000	0.536909090909
12000	0.542166666667
13000	0.544307692308
14000	0.545857142857
15000	0.547666666667
16000	0.54925
17000	0.552294117647
18000	0.554611111111
19000	0.558105263158
20000	0.56065
21000	0.562761904762
22000	0.566227272727
23000	0.567956521739
24000	0.571208333333
25000	0.5742
26000	0.577346153846
27000	0.580185185185
28000	0.58275
29000	0.585379310345
30000	0.588566666667
31000	0.592193548387
32000	0.59421875
33000	0.596
34000	0.597735294118
35000	0.599742857143
36000	0.602444444444
37000	0.604081081081
38000	0.606026315789
39000	0.607923076923
40000	0.6094
41000	0.610658536585
42000	0.61219047619
43000	0.614674418605
44000	0.616022727273
45000	0.617222222222
46000	0.618717391304
47000	0.620468085106
48000	0.621729166667
49000	0.623081632653
50000	0.62426
51000	0.625176470588
52000	0.625923076923
53000	0.627603773585
54000	0.628703703704
55000	0.629745454545
56000	0.631053571429
57000	0.632070175439
58000	0.632689655172
59000	0.633542372881
60000	0.634333333333
61000	0.63506557377
62000	0.63614516129
63000	0.637238095238
64000	0.63825
65000	0.638938461538
66000	0.639681818182
67000	0.640388059701
68000	0.641308823529
69000	0.642579710145
70000	0.643442857143
71000	0.64414084507
72000	0.645055555556
73000	0.645876712329
74000	0.646540540541
75000	0.647386666667
76000	0.648315789474
77000	0.649220779221
78000	0.650192307692
79000	0.651012658228
80000	0.6518125
81000	0.652592592593
82000	0.653341463415
83000	0.654096385542
84000	0.654488095238
85000	0.655082352941
86000	0.655779069767
87000	0.656298850575
88000	0.657159090909
89000	0.657707865169
90000	0.658444444444
91000	0.659153846154
92000	0.659684782609
93000	0.66
94000	0.660531914894
95000	0.661063157895
96000	0.661666666667
97000	0.662278350515
98000	0.66262244898
99000	0.663171717172
100000	0.66341
110000	0.668054545455
120000	0.671866666667
130000	0.675923076923
140000	0.679635714286
150000	0.682946666667
160000	0.68538125
170000	0.688370588235
180000	0.690944444444
190000	0.693205263158
200000	0.6953
210000	0.6974
220000	0.699813636364
230000	0.701991304348
240000	0.703691666667
250000	0.705568
260000	0.7073
270000	0.708622222222
280000	0.710282142857
290000	0.711951724138
300000	0.71312
310000	0.714229032258
320000	0.715434375
330000	0.716787878788
340000	0.7181
350000	0.719157142857
360000	0.720369444444
370000	0.721594594595
380000	0.722686842105
390000	0.72381025641
400000	0.72477
410000	0.72582195122
420000	0.726861904762
430000	0.727990697674
440000	0.728884090909
450000	0.73004
460000	0.731052173913
470000	0.732108510638
480000	0.73299375
490000	0.73373877551
500000	0.734514
510000	0.735254901961
520000	0.735996153846
530000	0.736866037736
540000	0.737798148148
550000	0.7386
560000	0.739367857143
570000	0.740012280702
580000	0.740782758621
590000	0.741388135593
600000	0.742091666667
610000	0.74272295082
620000	0.74334516129
630000	0.743957142857
640000	0.74458125
650000	0.745184615385
660000	0.745637878788
670000	0.746282089552
680000	0.746919117647
690000	0.747437681159
700000	0.747858571429
710000	0.748456338028
720000	0.749022222222
730000	0.749521917808
740000	0.750013513514
750000	0.750422666667
760000	0.750863157895
770000	0.751428571429
780000	0.751957692308
790000	0.752408860759
800000	0.75286625
810000	0.753232098765
820000	0.753674390244
830000	0.75413253012
840000	0.754538095238
850000	0.754925882353
860000	0.755319767442
870000	0.755751724138
880000	0.756156818182
890000	0.756474157303
900000	0.756847777778
910000	0.757385714286
920000	0.757810869565
930000	0.758193548387
940000	0.758629787234
950000	0.759028421053
960000	0.759276041667
970000	0.759605154639
980000	0.759887755102
990000	0.760216161616
1000000	0.76055
